Tw, K	dTliq, K	P, atm.	Ts, K	L, m	Rw, kg/m3	Cw, J/kg/K	Kw, W/m/K	Rl, kg/m3	Cl, J/kg/K	Kl, W/m/K	Ll, Pa*sec	Q, N/m	dH, J/kg	Tlim, K
4,341400E+2	4,770719E+1	1,000000E+0	3,508672E+2	2,500000E-2	1,934437E+4	1,298458E+2	3,234400E+2	7,828507E+2	2,963538E+3	1,666870E-1	7,516054E-4	1,587337E-2	8,791950E+5	4,533142E+2
4,634980E+2	7,845683E+1	3,000000E+0	3,816168E+2	2,500000E-2	1,934437E+4	1,298458E+2	3,234400E+2	7,683917E+2	3,131805E+3	1,635722E-1	5,758231E-4	1,221985E-2	8,156802E+5	4,552949E+2
4,730400E+2	9,518899E+1	5,000000E+0	3,983490E+2	2,500000E-2	1,934437E+4	1,298458E+2	3,234400E+2	7,597735E+2	3,218704E+3	1,617942E-1	5,020563E-4	1,032433E-2	7,761304E+5	4,572756E+2
4,689360E+2	7,518899E+1	5,000000E+0	3,983490E+2	2,500000E-2	1,934437E+4	1,298458E+2	3,234400E+2	7,488631E+2	3,318569E+3	1,595670E-1	4,290784E-4	1,032433E-2	7,761304E+5	4,572756E+2
4,588470E+2	5,845683E+1	3,000000E+0	3,816168E+2	2,500000E-2	1,934437E+4	1,298458E+2	3,234400E+2	7,580337E+2	3,235306E+3	1,614382E-1	4,890923E-4	1,221985E-2	8,156802E+5	4,552949E+2
4,155140E+2	2,770719E+1	1,000000E+0	3,508672E+2	2,500000E-2	1,934437E+4	1,298458E+2	3,234400E+2	7,736562E+2	3,074243E+3	1,646796E-1	6,306375E-4	1,587337E-2	8,791950E+5	4,533142E+2
7,026970E+2	6,788902E+1	2,000000E+0	3,930490E+2	2,500000E-2	1,923984E+4	1,306262E+2	3,123463E+2	9,690586E+2	4,200628E+3	6,722414E-1	3,278447E-4	5,497318E-2	2,207031E+6	5,637482E+2
7,096260E+2	8,119933E+1	3,000000E+0	4,063593E+2	2,500000E-2	1,923984E+4	1,306262E+2	3,123463E+2	9,648524E+2	4,207345E+3	6,758292E-1	3,039658E-4	5,226090E-2	2,167562E+6	5,641295E+2
7,457820E+2	7,319933E+1	3,000000E+0	4,063593E+2	2,500000E-2	1,923984E+4	1,306262E+2	3,123463E+2	9,621814E+2	4,211812E+3	6,777000E-1	2,910951E-4	5,226090E-2	2,167562E+6	5,641295E+2
7,304260E+2	3,942986E+1	1,000000E+0	3,725899E+2	2,500000E-2	1,923984E+4	1,306262E+2	3,123463E+2	9,727268E+2	4,195145E+3	6,683285E-1	3,534823E-4	5,900277E-2	2,262707E+6	5,633670E+2
6,096340E+2	1,942986E+1	1,000000E+0	3,725899E+2	2,500000E-2	1,923984E+4	1,306262E+2	3,123463E+2	9,667122E+2	4,204325E+3	6,743478E-1	3,139132E-4	5,900277E-2	2,262707E+6	5,633670E+2
6,808020E+2	5,319933E+1	3,000000E+0	4,063593E+2	2,500000E-2	1,923984E+4	1,306262E+2	3,123463E+2	9,550400E+2	4,224430E+3	6,814725E-1	2,629440E-4	5,226090E-2	2,167562E+6	5,641295E+2
6,017860E+2	4,770719E+1	1,000000E+0	3,508672E+2	2,500000E-2	7,808348E+3	5,062802E+2	1,849845E+1	7,828507E+2	2,963538E+3	1,666870E-1	7,516054E-4	1,587337E-2	8,791950E+5	4,533142E+2
6,375300E+2	7,845683E+1	3,000000E+0	3,816168E+2	2,500000E-2	7,808348E+3	5,062802E+2	1,849845E+1	7,683917E+2	3,131805E+3	1,635722E-1	5,758231E-4	1,221985E-2	8,156802E+5	4,552949E+2
5,816230E+2	2,770719E+1	1,000000E+0	3,508672E+2	2,500000E-2	7,808348E+3	5,062802E+2	1,849845E+1	7,736562E+2	3,074243E+3	1,646796E-1	6,306375E-4	1,587337E-2	8,791950E+5	4,533142E+2
6,338390E+2	5,845683E+1	3,000000E+0	3,816168E+2	2,500000E-2	7,808348E+3	5,062802E+2	1,849845E+1	7,580337E+2	3,235306E+3	1,614382E-1	4,890923E-4	1,221985E-2	8,156802E+5	4,552949E+2
5,555700E+2	6,770719E+1	1,000000E+0	3,508672E+2	2,500000E-2	7,808348E+3	5,062802E+2	1,849845E+1	7,912657E+2	2,848474E+3	1,686630E-1	9,037466E-4	1,587337E-2	8,791950E+5	4,533142E+2
5,446000E+2	4,770719E+1	1,000000E+0	3,508672E+2	2,500000E-2	7,808348E+3	5,062802E+2	1,849845E+1	7,828507E+2	2,963538E+3	1,666870E-1	7,516054E-4	1,587337E-2	8,791950E+5	4,533142E+2
5,231150E+2	2,770719E+1	1,000000E+0	3,508672E+2	2,500000E-2	7,808348E+3	5,062802E+2	1,849845E+1	7,736562E+2	3,074243E+3	1,646796E-1	6,306375E-4	1,587337E-2	8,791950E+5	4,533142E+2
6,820710E+2	1,942986E+1	1,000000E+0	3,725899E+2	2,500000E-2	7,752499E+3	5,362006E+2	2,096975E+1	9,667122E+2	4,204325E+3	6,743478E-1	3,139132E-4	5,900277E-2	2,262707E+6	5,633670E+2
6,814920E+2	9,429855E+0	1,000000E+0	3,725899E+2	2,500000E-2	7,752499E+3	5,362006E+2	2,096975E+1	9,634532E+2	4,209667E+3	6,768448E-1	2,970322E-4	5,900277E-2	2,262707E+6	5,633670E+2
5,311380E+2	1,477072E+2	1,000000E+0	3,508672E+2	2,500000E-2	7,808348E+3	5,062802E+2	1,849845E+1	8,205331E+2	2,368953E+3	1,775837E-1	2,120993E-3	1,587337E-2	8,791950E+5	4,533142E+2
5,325670E+2	1,277072E+2	1,000000E+0	3,508672E+2	2,500000E-2	7,808348E+3	5,062802E+2	1,849845E+1	8,132103E+2	2,488027E+3	1,750340E-1	1,677716E-3	1,587337E-2	8,791950E+5	4,533142E+2
5,344150E+2	1,077072E+2	1,000000E+0	3,508672E+2	2,500000E-2	7,808348E+3	5,062802E+2	1,849845E+1	8,061877E+2	2,609127E+3	1,727596E-1	1,348004E-3	1,587337E-2	8,791950E+5	4,533142E+2
5,253860E+2	8,770719E+1	1,000000E+0	3,508672E+2	2,500000E-2	7,808348E+3	5,062802E+2	1,849845E+1	7,989812E+2	2,729892E+3	1,706638E-1	1,097506E-3	1,587337E-2	8,791950E+5	4,533142E+2
5,226010E+2	6,770719E+1	1,000000E+0	3,508672E+2	2,500000E-2	7,808348E+3	5,062802E+2	1,849845E+1	7,912657E+2	2,848474E+3	1,686630E-1	9,037466E-4	1,587337E-2	8,791950E+5	4,533142E+2
5,114670E+2	4,770719E+1	1,000000E+0	3,508672E+2	2,500000E-2	7,808348E+3	5,062802E+2	1,849845E+1	7,828507E+2	2,963538E+3	1,666870E-1	7,516054E-4	1,587337E-2	8,791950E+5	4,533142E+2
4,992600E+2	2,770719E+1	1,000000E+0	3,508672E+2	2,500000E-2	7,808348E+3	5,062802E+2	1,849845E+1	7,736562E+2	3,074243E+3	1,646796E-1	6,306375E-4	1,587337E-2	8,791950E+5	4,533142E+2
7,369840E+2	2,942986E+1	1,000000E+0	3,725899E+2	2,500000E-2	7,752499E+3	5,362006E+2	2,096975E+1	9,698032E+2	4,199484E+3	6,715121E-1	3,326337E-4	5,900277E-2	2,262707E+6	5,633670E+2
5,935290E+2	1,942986E+1	1,000000E+0	3,725899E+2	2,500000E-2	7,752499E+3	5,362006E+2	2,096975E+1	9,667122E+2	4,204325E+3	6,743478E-1	3,139132E-4	5,900277E-2	2,262707E+6	5,633670E+2
5,879490E+2	9,429855E+0	1,000000E+0	3,725899E+2	2,500000E-2	7,752499E+3	5,362006E+2	2,096975E+1	9,634532E+2	4,209667E+3	6,768448E-1	2,970322E-4	5,900277E-2	2,262707E+6	5,633670E+2
4,421970E+2	1,477072E+2	1,000000E+0	3,508672E+2	2,500000E-2	8,939654E+3	4,609689E+2	9,563396E+1	8,205331E+2	2,368953E+3	1,775837E-1	2,120993E-3	1,587337E-2	8,791950E+5	4,533142E+2
4,453990E+2	1,277072E+2	1,000000E+0	3,508672E+2	2,500000E-2	8,939654E+3	4,609689E+2	9,563396E+1	8,132103E+2	2,488027E+3	1,750340E-1	1,677716E-3	1,587337E-2	8,791950E+5	4,533142E+2
4,338010E+2	1,077072E+2	1,000000E+0	3,508672E+2	2,500000E-2	8,939654E+3	4,609689E+2	9,563396E+1	8,061877E+2	2,609127E+3	1,727596E-1	1,348004E-3	1,587337E-2	8,791950E+5	4,533142E+2
4,392430E+2	8,770719E+1	1,000000E+0	3,508672E+2	2,500000E-2	8,939654E+3	4,609689E+2	9,563396E+1	7,989812E+2	2,729892E+3	1,706638E-1	1,097506E-3	1,587337E-2	8,791950E+5	4,533142E+2
4,223310E+2	6,770719E+1	1,000000E+0	3,508672E+2	2,500000E-2	8,939654E+3	4,609689E+2	9,563396E+1	7,912657E+2	2,848474E+3	1,686630E-1	9,037466E-4	1,587337E-2	8,791950E+5	4,533142E+2
4,169730E+2	4,770719E+1	1,000000E+0	3,508672E+2	2,500000E-2	8,939654E+3	4,609689E+2	9,563396E+1	7,828507E+2	2,963538E+3	1,666870E-1	7,516054E-4	1,587337E-2	8,791950E+5	4,533142E+2
4,414260E+2	6,865177E+1	1,000000E+0	3,518118E+2	2,500000E-2	8,930825E+3	4,646470E+2	9,390775E+1	8,428661E+2	3,004460E+3	1,993092E-1	1,122130E-3	1,794446E-2	9,731458E+5	4,696929E+2
4,505020E+2	6,865177E+1	1,000000E+0	3,518118E+2	2,500000E-2	8,930825E+3	4,646470E+2	9,390775E+1	8,428661E+2	3,004460E+3	1,993092E-1	1,122130E-3	1,794446E-2	9,731458E+5	4,696929E+2
4,513370E+2	4,865177E+1	1,000000E+0	3,518118E+2	2,500000E-2	8,930825E+3	4,646470E+2	9,390775E+1	8,353476E+2	3,111303E+3	1,975057E-1	9,101598E-4	1,794446E-2	9,731458E+5	4,696929E+2
4,334100E+2	2,865177E+1	1,000000E+0	3,518118E+2	2,500000E-2	8,930825E+3	4,646470E+2	9,390775E+1	8,270804E+2	3,213401E+3	1,955625E-1	7,488099E-4	1,794446E-2	9,731458E+5	4,696929E+2
4,931440E+2	2,865177E+1	1,000000E+0	3,518118E+2	2,500000E-2	8,930825E+3	4,646470E+2	9,390775E+1	8,270804E+2	3,213401E+3	1,955625E-1	7,488099E-4	1,794446E-2	9,731458E+5	4,696929E+2
4,787660E+2	2,865177E+1	1,000000E+0	3,518118E+2	2,500000E-2	8,930825E+3	4,646470E+2	9,390775E+1	8,270804E+2	3,213401E+3	1,955625E-1	7,488099E-4	1,794446E-2	9,731458E+5	4,696929E+2
4,727580E+2	8,651766E+0	1,000000E+0	3,518118E+2	2,500000E-2	8,930825E+3	4,646470E+2	9,390775E+1	8,180522E+2	3,310596E+3	1,934471E-1	6,241327E-4	1,794446E-2	9,731458E+5	4,696929E+2
6,648020E+2	7,047019E+1	1,000000E+0	3,536302E+2	2,500000E-2	8,918423E+3	4,697401E+2	9,127817E+1	8,944005E+2	3,240211E+3	2,590008E-1	1,081182E-3	2,172368E-2	1,134837E+6	4,928235E+2
6,587200E+2	7,047019E+1	1,000000E+0	3,536302E+2	2,500000E-2	8,918423E+3	4,697401E+2	9,127817E+1	8,944005E+2	3,240211E+3	2,590008E-1	1,081182E-3	2,172368E-2	1,134837E+6	4,928235E+2
6,356460E+2	5,047019E+1	1,000000E+0	3,536302E+2	2,500000E-2	8,918423E+3	4,697401E+2	9,127817E+1	8,879460E+2	3,332083E+3	2,580696E-1	8,729273E-4	2,172368E-2	1,134837E+6	4,928235E+2
6,274720E+2	5,047019E+1	1,000000E+0	3,536302E+2	2,500000E-2	8,918423E+3	4,697401E+2	9,127817E+1	8,879460E+2	3,332083E+3	2,580696E-1	8,729273E-4	2,172368E-2	1,134837E+6	4,928235E+2
6,123860E+2	3,047019E+1	1,000000E+0	3,536302E+2	2,500000E-2	8,918423E+3	4,697401E+2	9,127817E+1	8,807926E+2	3,419112E+3	2,567638E-1	7,175187E-4	2,172368E-2	1,134837E+6	4,928235E+2
5,095640E+2	1,047019E+1	1,000000E+0	3,536302E+2	2,500000E-2	8,918423E+3	4,697401E+2	9,127817E+1	8,729106E+2	3,501398E+3	2,550718E-1	5,993756E-4	2,172368E-2	1,134837E+6	4,928235E+2
5,134430E+2	1,047019E+1	1,000000E+0	3,536302E+2	2,500000E-2	8,918423E+3	4,697401E+2	9,127817E+1	8,729106E+2	3,501398E+3	2,550718E-1	5,993756E-4	2,172368E-2	1,134837E+6	4,928235E+2
7,607860E+2	7,254716E+1	1,000000E+0	3,557072E+2	2,500000E-2	8,905777E+3	4,748441E+2	8,843385E+1	9,330827E+2	3,510260E+3	3,461515E-1	8,949395E-4	2,751946E-2	1,360967E+6	5,164731E+2
7,879750E+2	7,254716E+1	1,000000E+0	3,557072E+2	2,500000E-2	8,905777E+3	4,748441E+2	8,843385E+1	9,330827E+2	3,510260E+3	3,461515E-1	8,949395E-4	2,751946E-2	1,360967E+6	5,164731E+2
7,737230E+2	7,254716E+1	1,000000E+0	3,557072E+2	2,500000E-2	8,905777E+3	4,748441E+2	8,843385E+1	9,330827E+2	3,510260E+3	3,461515E-1	8,949395E-4	2,751946E-2	1,360967E+6	5,164731E+2
7,646630E+2	5,254716E+1	1,000000E+0	3,557072E+2	2,500000E-2	8,905777E+3	4,748441E+2	8,843385E+1	9,275410E+2	3,581246E+3	3,471725E-1	7,309925E-4	2,751946E-2	1,360967E+6	5,164731E+2
7,615200E+2	5,254716E+1	1,000000E+0	3,557072E+2	2,500000E-2	8,905777E+3	4,748441E+2	8,843385E+1	9,275410E+2	3,581246E+3	3,471725E-1	7,309925E-4	2,751946E-2	1,360967E+6	5,164731E+2
6,777860E+2	3,254716E+1	1,000000E+0	3,557072E+2	2,500000E-2	8,905777E+3	4,748441E+2	8,843385E+1	9,213507E+2	3,648111E+3	3,474814E-1	6,085358E-4	2,751946E-2	1,360967E+6	5,164731E+2
6,864600E+2	3,254716E+1	1,000000E+0	3,557072E+2	2,500000E-2	8,905777E+3	4,748441E+2	8,843385E+1	9,213507E+2	3,648111E+3	3,474814E-1	6,085358E-4	2,751946E-2	1,360967E+6	5,164731E+2
5,828880E+2	1,254716E+1	1,000000E+0	3,557072E+2	2,500000E-2	8,905777E+3	4,748441E+2	8,843385E+1	9,144688E+2	3,711147E+3	3,470953E-1	5,151776E-4	2,751946E-2	1,360967E+6	5,164731E+2
5,818860E+2	1,254716E+1	1,000000E+0	3,557072E+2	2,500000E-2	8,905777E+3	4,748441E+2	8,843385E+1	9,144688E+2	3,711147E+3	3,470953E-1	5,151776E-4	2,751946E-2	1,360967E+6	5,164731E+2
8,626390E+2	3,942986E+1	1,000000E+0	3,725899E+2	2,500000E-2	8,880748E+3	4,846816E+2	8,263654E+1	9,727268E+2	4,195145E+3	6,683285E-1	3,534823E-4	5,900277E-2	2,262707E+6	5,633670E+2
7,877340E+2	2,942986E+1	1,000000E+0	3,725899E+2	2,500000E-2	8,880748E+3	4,846816E+2	8,263654E+1	9,698032E+2	4,199484E+3	6,715121E-1	3,326337E-4	5,900277E-2	2,262707E+6	5,633670E+2
6,865670E+2	1,942986E+1	1,000000E+0	3,725899E+2	2,500000E-2	8,880748E+3	4,846816E+2	8,263654E+1	9,667122E+2	4,204325E+3	6,743478E-1	3,139132E-4	5,900277E-2	2,262707E+6	5,633670E+2
5,761030E+2	9,429855E+0	1,000000E+0	3,725899E+2	2,500000E-2	8,880748E+3	4,846816E+2	8,263654E+1	9,634532E+2	4,209667E+3	6,768448E-1	2,970322E-4	5,900277E-2	2,262707E+6	5,633670E+2
4,691980E+2	1,477072E+2	1,000000E+0	3,508672E+2	2,500000E-2	7,808348E+3	5,062802E+2	1,849845E+1	8,205331E+2	2,368953E+3	1,775837E-1	2,120993E-3	1,587337E-2	8,791950E+5	4,533142E+2
4,579210E+2	1,277072E+2	1,000000E+0	3,508672E+2	2,500000E-2	7,808348E+3	5,062802E+2	1,849845E+1	8,132103E+2	2,488027E+3	1,750340E-1	1,677716E-3	1,587337E-2	8,791950E+5	4,533142E+2
4,582230E+2	1,277072E+2	1,000000E+0	3,508672E+2	2,500000E-2	7,808348E+3	5,062802E+2	1,849845E+1	8,132103E+2	2,488027E+3	1,750340E-1	1,677716E-3	1,587337E-2	8,791950E+5	4,533142E+2
4,467440E+2	1,277072E+2	1,000000E+0	3,508672E+2	2,500000E-2	7,808348E+3	5,062802E+2	1,849845E+1	8,132103E+2	2,488027E+3	1,750340E-1	1,677716E-3	1,587337E-2	8,791950E+5	4,533142E+2
4,937790E+2	1,077072E+2	1,000000E+0	3,508672E+2	2,500000E-2	7,808348E+3	5,062802E+2	1,849845E+1	8,061877E+2	2,609127E+3	1,727596E-1	1,348004E-3	1,587337E-2	8,791950E+5	4,533142E+2
4,774210E+2	8,770719E+1	1,000000E+0	3,508672E+2	2,500000E-2	7,808348E+3	5,062802E+2	1,849845E+1	7,989812E+2	2,729892E+3	1,706638E-1	1,097506E-3	1,587337E-2	8,791950E+5	4,533142E+2
5,201260E+2	8,770719E+1	1,000000E+0	3,508672E+2	2,500000E-2	7,808348E+3	5,062802E+2	1,849845E+1	7,989812E+2	2,729892E+3	1,706638E-1	1,097506E-3	1,587337E-2	8,791950E+5	4,533142E+2
4,839210E+2	8,770719E+1	1,000000E+0	3,508672E+2	2,500000E-2	7,808348E+3	5,062802E+2	1,849845E+1	7,989812E+2	2,729892E+3	1,706638E-1	1,097506E-3	1,587337E-2	8,791950E+5	4,533142E+2
4,793220E+2	6,770719E+1	1,000000E+0	3,508672E+2	2,500000E-2	7,808348E+3	5,062802E+2	1,849845E+1	7,912657E+2	2,848474E+3	1,686630E-1	9,037466E-4	1,587337E-2	8,791950E+5	4,533142E+2
4,840660E+2	4,770719E+1	1,000000E+0	3,508672E+2	2,500000E-2	7,808348E+3	5,062802E+2	1,849845E+1	7,828507E+2	2,963538E+3	1,666870E-1	7,516054E-4	1,587337E-2	8,791950E+5	4,533142E+2
4,557690E+2	4,770719E+1	1,000000E+0	3,508672E+2	2,500000E-2	7,808348E+3	5,062802E+2	1,849845E+1	7,828507E+2	2,963538E+3	1,666870E-1	7,516054E-4	1,587337E-2	8,791950E+5	4,533142E+2
4,722080E+2	4,770719E+1	1,000000E+0	3,508672E+2	2,500000E-2	7,808348E+3	5,062802E+2	1,849845E+1	7,828507E+2	2,963538E+3	1,666870E-1	7,516054E-4	1,587337E-2	8,791950E+5	4,533142E+2
5,278490E+2	1,277072E+2	1,000000E+0	3,508672E+2	2,500000E-2	7,808348E+3	5,062802E+2	1,849845E+1	8,132103E+2	2,488027E+3	1,750340E-1	1,677716E-3	1,587337E-2	8,791950E+5	4,533142E+2
5,369700E+2	1,077072E+2	1,000000E+0	3,508672E+2	2,500000E-2	7,808348E+3	5,062802E+2	1,849845E+1	8,061877E+2	2,609127E+3	1,727596E-1	1,348004E-3	1,587337E-2	8,791950E+5	4,533142E+2
5,587130E+2	8,770719E+1	1,000000E+0	3,508672E+2	2,500000E-2	7,808348E+3	5,062802E+2	1,849845E+1	7,989812E+2	2,729892E+3	1,706638E-1	1,097506E-3	1,587337E-2	8,791950E+5	4,533142E+2
5,047520E+2	6,770719E+1	1,000000E+0	3,508672E+2	2,500000E-2	7,808348E+3	5,062802E+2	1,849845E+1	7,912657E+2	2,848474E+3	1,686630E-1	9,037466E-4	1,587337E-2	8,791950E+5	4,533142E+2
4,805430E+2	4,770719E+1	1,000000E+0	3,508672E+2	2,500000E-2	7,808348E+3	5,062802E+2	1,849845E+1	7,828507E+2	2,963538E+3	1,666870E-1	7,516054E-4	1,587337E-2	8,791950E+5	4,533142E+2
4,497890E+2	2,770719E+1	1,000000E+0	3,508672E+2	2,500000E-2	7,808348E+3	5,062802E+2	1,849845E+1	7,736562E+2	3,074243E+3	1,646796E-1	6,306375E-4	1,587337E-2	8,791950E+5	4,533142E+2
4,292440E+2	1,068401E+2	1,000000E+0	3,300001E+2	2,500000E-2	7,839251E+3	4,876176E+2	1,697012E+1	1,734866E+3	9,389989E+2	5,837055E-2	9,253656E-4	8,289191E-3	8,249410E+4	3,942066E+2
4,208300E+2	8,684013E+1	1,000000E+0	3,300001E+2	2,500000E-2	7,839251E+3	4,876176E+2	1,697012E+1	1,711330E+3	9,999698E+2	5,720242E-2	7,827790E-4	8,289191E-3	8,249410E+4	3,942066E+2
4,093060E+2	6,684013E+1	1,000000E+0	3,300001E+2	2,500000E-2	7,839251E+3	4,876176E+2	1,697012E+1	1,687267E+3	1,043364E+3	5,603430E-2	6,715617E-4	8,289191E-3	8,249410E+4	3,942066E+2
4,091890E+2	4,684013E+1	1,000000E+0	3,300001E+2	2,500000E-2	7,839251E+3	4,876176E+2	1,697012E+1	1,662808E+3	1,070712E+3	5,486623E-2	5,835952E-4	8,289191E-3	8,249410E+4	3,942066E+2
3,947000E+2	2,684013E+1	1,000000E+0	3,300001E+2	2,500000E-2	7,839251E+3	4,876176E+2	1,697012E+1	1,638025E+3	1,085330E+3	5,369827E-2	5,135244E-4	8,289191E-3	8,249410E+4	3,942066E+2
5,765140E+2	6,865177E+1	1,000000E+0	3,518118E+2	2,500000E-2	7,799977E+3	5,110771E+2	1,889271E+1	8,428661E+2	3,004460E+3	1,993092E-1	1,122130E-3	1,794446E-2	9,731458E+5	4,696929E+2
5,717130E+2	6,865177E+1	1,000000E+0	3,518118E+2	2,500000E-2	7,799977E+3	5,110771E+2	1,889271E+1	8,428661E+2	3,004460E+3	1,993092E-1	1,122130E-3	1,794446E-2	9,731458E+5	4,696929E+2
5,323070E+2	4,865177E+1	1,000000E+0	3,518118E+2	2,500000E-2	7,799977E+3	5,110771E+2	1,889271E+1	8,353476E+2	3,111303E+3	1,975057E-1	9,101598E-4	1,794446E-2	9,731458E+5	4,696929E+2
5,026770E+2	2,865177E+1	1,000000E+0	3,518118E+2	2,500000E-2	7,799977E+3	5,110771E+2	1,889271E+1	8,270804E+2	3,213401E+3	1,955625E-1	7,488099E-4	1,794446E-2	9,731458E+5	4,696929E+2
4,443190E+2	8,651766E+0	1,000000E+0	3,518118E+2	2,500000E-2	7,799977E+3	5,110771E+2	1,889271E+1	8,180522E+2	3,310596E+3	1,934471E-1	6,241327E-4	1,794446E-2	9,731458E+5	4,696929E+2
6,950920E+2	7,047019E+1	1,000000E+0	3,536302E+2	2,500000E-2	7,788219E+3	5,176294E+2	1,943233E+1	8,944005E+2	3,240211E+3	2,590008E-1	1,081182E-3	2,172368E-2	1,134837E+6	4,928235E+2
6,479890E+2	5,047019E+1	1,000000E+0	3,536302E+2	2,500000E-2	7,788219E+3	5,176294E+2	1,943233E+1	8,879460E+2	3,332083E+3	2,580696E-1	8,729273E-4	2,172368E-2	1,134837E+6	4,928235E+2
5,975270E+2	3,047019E+1	1,000000E+0	3,536302E+2	2,500000E-2	7,788219E+3	5,176294E+2	1,943233E+1	8,807926E+2	3,419112E+3	2,567638E-1	7,175187E-4	2,172368E-2	1,134837E+6	4,928235E+2
5,025570E+2	1,047019E+1	1,000000E+0	3,536302E+2	2,500000E-2	7,788219E+3	5,176294E+2	1,943233E+1	8,729106E+2	3,501398E+3	2,550718E-1	5,993756E-4	2,172368E-2	1,134837E+6	4,928235E+2
7,287570E+2	5,254716E+1	1,000000E+0	3,557072E+2	2,500000E-2	7,776229E+3	5,240865E+2	1,996544E+1	9,275410E+2	3,581246E+3	3,471725E-1	7,309925E-4	2,751946E-2	1,360967E+6	5,164731E+2
6,784750E+2	3,254716E+1	1,000000E+0	3,557072E+2	2,500000E-2	7,776229E+3	5,240865E+2	1,996544E+1	9,213507E+2	3,648111E+3	3,474814E-1	6,085358E-4	2,751946E-2	1,360967E+6	5,164731E+2
5,270950E+2	1,254716E+1	1,000000E+0	3,557072E+2	2,500000E-2	7,776229E+3	5,240865E+2	1,996544E+1	9,144688E+2	3,711147E+3	3,470953E-1	5,151776E-4	2,751946E-2	1,360967E+6	5,164731E+2
5,442860E+2	1,254716E+1	1,000000E+0	3,557072E+2	2,500000E-2	7,776229E+3	5,240865E+2	1,996544E+1	9,144688E+2	3,711147E+3	3,470953E-1	5,151776E-4	2,751946E-2	1,360967E+6	5,164731E+2
7,017650E+2	2,942986E+1	1,000000E+0	3,725899E+2	2,500000E-2	7,752499E+3	5,362006E+2	2,096975E+1	9,698032E+2	4,199484E+3	6,715121E-1	3,326337E-4	5,900277E-2	2,262707E+6	5,633670E+2
6,941850E+2	2,942986E+1	1,000000E+0	3,725899E+2	2,500000E-2	7,752499E+3	5,362006E+2	2,096975E+1	9,698032E+2	4,199484E+3	6,715121E-1	3,326337E-4	5,900277E-2	2,262707E+6	5,633670E+2
6,712980E+2	2,942986E+1	1,000000E+0	3,725899E+2	2,500000E-2	7,752499E+3	5,362006E+2	2,096975E+1	9,698032E+2	4,199484E+3	6,715121E-1	3,326337E-4	5,900277E-2	2,262707E+6	5,633670E+2
6,309760E+2	1,942986E+1	1,000000E+0	3,725899E+2	2,500000E-2	7,752499E+3	5,362006E+2	2,096975E+1	9,667122E+2	4,204325E+3	6,743478E-1	3,139132E-4	5,900277E-2	2,262707E+6	5,633670E+2
5,914270E+2	1,942986E+1	1,000000E+0	3,725899E+2	2,500000E-2	7,752499E+3	5,362006E+2	2,096975E+1	9,667122E+2	4,204325E+3	6,743478E-1	3,139132E-4	5,900277E-2	2,262707E+6	5,633670E+2
5,670910E+2	9,429855E+0	1,000000E+0	3,725899E+2	2,500000E-2	7,752499E+3	5,362006E+2	2,096975E+1	9,634532E+2	4,209667E+3	6,768448E-1	2,970322E-4	5,900277E-2	2,262707E+6	5,633670E+2
5,310900E+2	-5,701450E-1	1,000000E+0	3,725899E+2	2,500000E-2	7,752499E+3	5,362006E+2	2,096975E+1	9,600272E+2	4,215518E+3	6,790121E-1	2,817480E-4	5,900277E-2	2,262707E+6	5,633670E+2
4,967440E+2	1,477072E+2	1,000000E+0	3,508672E+2	2,500000E-2	7,808348E+3	5,062802E+2	1,849845E+1	8,205331E+2	2,368953E+3	1,775837E-1	2,120993E-3	1,587337E-2	8,791950E+5	4,533142E+2
4,950150E+2	1,477072E+2	1,000000E+0	3,508672E+2	2,500000E-2	7,808348E+3	5,062802E+2	1,849845E+1	8,205331E+2	2,368953E+3	1,775837E-1	2,120993E-3	1,587337E-2	8,791950E+5	4,533142E+2
4,956150E+2	1,277072E+2	1,000000E+0	3,508672E+2	2,500000E-2	7,808348E+3	5,062802E+2	1,849845E+1	8,132103E+2	2,488027E+3	1,750340E-1	1,677716E-3	1,587337E-2	8,791950E+5	4,533142E+2
4,974860E+2	1,077072E+2	1,000000E+0	3,508672E+2	2,500000E-2	7,808348E+3	5,062802E+2	1,849845E+1	8,061877E+2	2,609127E+3	1,727596E-1	1,348004E-3	1,587337E-2	8,791950E+5	4,533142E+2
4,869720E+2	8,770719E+1	1,000000E+0	3,508672E+2	2,500000E-2	7,808348E+3	5,062802E+2	1,849845E+1	7,989812E+2	2,729892E+3	1,706638E-1	1,097506E-3	1,587337E-2	8,791950E+5	4,533142E+2
4,862520E+2	6,770719E+1	1,000000E+0	3,508672E+2	2,500000E-2	7,808348E+3	5,062802E+2	1,849845E+1	7,912657E+2	2,848474E+3	1,686630E-1	9,037466E-4	1,587337E-2	8,791950E+5	4,533142E+2
4,601280E+2	4,770719E+1	1,000000E+0	3,508672E+2	2,500000E-2	7,808348E+3	5,062802E+2	1,849845E+1	7,828507E+2	2,963538E+3	1,666870E-1	7,516054E-4	1,587337E-2	8,791950E+5	4,533142E+2
4,939770E+2	6,865177E+1	1,000000E+0	3,518118E+2	2,500000E-2	7,799977E+3	5,110771E+2	1,889271E+1	8,428661E+2	3,004460E+3	1,993092E-1	1,122130E-3	1,794446E-2	9,731458E+5	4,696929E+2
4,874450E+2	4,865177E+1	1,000000E+0	3,518118E+2	2,500000E-2	7,799977E+3	5,110771E+2	1,889271E+1	8,353476E+2	3,111303E+3	1,975057E-1	9,101598E-4	1,794446E-2	9,731458E+5	4,696929E+2
4,495040E+2	2,865177E+1	1,000000E+0	3,518118E+2	2,500000E-2	7,799977E+3	5,110771E+2	1,889271E+1	8,270804E+2	3,213401E+3	1,955625E-1	7,488099E-4	1,794446E-2	9,731458E+5	4,696929E+2
4,136760E+2	8,651766E+0	1,000000E+0	3,518118E+2	2,500000E-2	7,799977E+3	5,110771E+2	1,889271E+1	8,180522E+2	3,310596E+3	1,934471E-1	6,241327E-4	1,794446E-2	9,731458E+5	4,696929E+2
6,638560E+2	7,047019E+1	1,000000E+0	3,536302E+2	2,500000E-2	7,788219E+3	5,176294E+2	1,943233E+1	8,944005E+2	3,240211E+3	2,590008E-1	1,081182E-3	2,172368E-2	1,134837E+6	4,928235E+2
5,423120E+2	7,047019E+1	1,000000E+0	3,536302E+2	2,500000E-2	7,788219E+3	5,176294E+2	1,943233E+1	8,944005E+2	3,240211E+3	2,590008E-1	1,081182E-3	2,172368E-2	1,134837E+6	4,928235E+2
4,603890E+2	5,047019E+1	1,000000E+0	3,536302E+2	2,500000E-2	7,788219E+3	5,176294E+2	1,943233E+1	8,879460E+2	3,332083E+3	2,580696E-1	8,729273E-4	2,172368E-2	1,134837E+6	4,928235E+2
4,653090E+2	3,047019E+1	1,000000E+0	3,536302E+2	2,500000E-2	7,788219E+3	5,176294E+2	1,943233E+1	8,807926E+2	3,419112E+3	2,567638E-1	7,175187E-4	2,172368E-2	1,134837E+6	4,928235E+2
4,526330E+2	1,047019E+1	1,000000E+0	3,536302E+2	2,500000E-2	7,788219E+3	5,176294E+2	1,943233E+1	8,729106E+2	3,501398E+3	2,550718E-1	5,993756E-4	2,172368E-2	1,134837E+6	4,928235E+2
7,233770E+2	7,254716E+1	1,000000E+0	3,557072E+2	2,500000E-2	7,776229E+3	5,240865E+2	1,996544E+1	9,330827E+2	3,510260E+3	3,461515E-1	8,949395E-4	2,751946E-2	1,360967E+6	5,164731E+2
6,706650E+2	7,254716E+1	1,000000E+0	3,557072E+2	2,500000E-2	7,776229E+3	5,240865E+2	1,996544E+1	9,330827E+2	3,510260E+3	3,461515E-1	8,949395E-4	2,751946E-2	1,360967E+6	5,164731E+2
5,598010E+2	5,254716E+1	1,000000E+0	3,557072E+2	2,500000E-2	7,776229E+3	5,240865E+2	1,996544E+1	9,275410E+2	3,581246E+3	3,471725E-1	7,309925E-4	2,751946E-2	1,360967E+6	5,164731E+2
4,684010E+2	3,254716E+1	1,000000E+0	3,557072E+2	2,500000E-2	7,776229E+3	5,240865E+2	1,996544E+1	9,213507E+2	3,648111E+3	3,474814E-1	6,085358E-4	2,751946E-2	1,360967E+6	5,164731E+2
3,980750E+2	1,254716E+1	1,000000E+0	3,557072E+2	2,500000E-2	7,776229E+3	5,240865E+2	1,996544E+1	9,144688E+2	3,711147E+3	3,470953E-1	5,151776E-4	2,751946E-2	1,360967E+6	5,164731E+2
4,507160E+2	1,254716E+1	1,000000E+0	3,557072E+2	2,500000E-2	7,776229E+3	5,240865E+2	1,996544E+1	9,144688E+2	3,711147E+3	3,470953E-1	5,151776E-4	2,751946E-2	1,360967E+6	5,164731E+2
5,473410E+2	3,942986E+1	1,000000E+0	3,725899E+2	2,500000E-2	7,752499E+3	5,362006E+2	2,096975E+1	9,727268E+2	4,195145E+3	6,683285E-1	3,534823E-4	5,900277E-2	2,262707E+6	5,633670E+2
5,303020E+2	3,942986E+1	1,000000E+0	3,725899E+2	2,500000E-2	7,752499E+3	5,362006E+2	2,096975E+1	9,727268E+2	4,195145E+3	6,683285E-1	3,534823E-4	5,900277E-2	2,262707E+6	5,633670E+2
5,370480E+2	2,942986E+1	1,000000E+0	3,725899E+2	2,500000E-2	7,752499E+3	5,362006E+2	2,096975E+1	9,698032E+2	4,199484E+3	6,715121E-1	3,326337E-4	5,900277E-2	2,262707E+6	5,633670E+2
5,052080E+2	1,942986E+1	1,000000E+0	3,725899E+2	2,500000E-2	7,752499E+3	5,362006E+2	2,096975E+1	9,667122E+2	4,204325E+3	6,743478E-1	3,139132E-4	5,900277E-2	2,262707E+6	5,633670E+2
5,357310E+2	-5,701450E-1	1,000000E+0	3,725899E+2	2,500000E-2	7,752499E+3	5,362006E+2	2,096975E+1	9,600272E+2	4,215518E+3	6,790121E-1	2,817480E-4	5,900277E-2	2,262707E+6	5,633670E+2
5,424820E+2	9,429855E+0	1,000000E+0	3,725899E+2	2,500000E-2	7,752499E+3	5,362006E+2	2,096975E+1	9,634532E+2	4,209667E+3	6,768448E-1	2,970322E-4	5,900277E-2	2,262707E+6	5,633670E+2
5,450390E+2	-5,701450E-1	1,000000E+0	3,725899E+2	2,500000E-2	7,752499E+3	5,362006E+2	2,096975E+1	9,600272E+2	4,215518E+3	6,790121E-1	2,817480E-4	5,900277E-2	2,262707E+6	5,633670E+2
4,227460E+2	1,068401E+2	1,000000E+0	3,300001E+2	2,500000E-2	7,839251E+3	4,876176E+2	1,697012E+1	1,734866E+3	9,389989E+2	5,837055E-2	9,253656E-4	8,289191E-3	8,249410E+4	3,942066E+2
4,162900E+2	8,684013E+1	1,000000E+0	3,300001E+2	2,500000E-2	7,839251E+3	4,876176E+2	1,697012E+1	1,711330E+3	9,999698E+2	5,720242E-2	7,827790E-4	8,289191E-3	8,249410E+4	3,942066E+2
4,103900E+2	6,684013E+1	1,000000E+0	3,300001E+2	2,500000E-2	7,839251E+3	4,876176E+2	1,697012E+1	1,687267E+3	1,043364E+3	5,603430E-2	6,715617E-4	8,289191E-3	8,249410E+4	3,942066E+2
4,150100E+2	4,684013E+1	1,000000E+0	3,300001E+2	2,500000E-2	7,839251E+3	4,876176E+2	1,697012E+1	1,662808E+3	1,070712E+3	5,486623E-2	5,835952E-4	8,289191E-3	8,249410E+4	3,942066E+2
3,998380E+2	2,684013E+1	1,000000E+0	3,300001E+2	2,500000E-2	7,839251E+3	4,876176E+2	1,697012E+1	1,638025E+3	1,085330E+3	5,369827E-2	5,135244E-4	8,289191E-3	8,249410E+4	3,942066E+2
4,678270E+2	1,077072E+2	1,000000E+0	3,508672E+2	2,500000E-2	8,939654E+3	4,609689E+2	9,563396E+1	8,061877E+2	2,609127E+3	1,727596E-1	1,348004E-3	1,587337E-2	8,791950E+5	4,533142E+2
4,564640E+2	8,770719E+1	1,000000E+0	3,508672E+2	2,500000E-2	8,939654E+3	4,609689E+2	9,563396E+1	7,989812E+2	2,729892E+3	1,706638E-1	1,097506E-3	1,587337E-2	8,791950E+5	4,533142E+2
4,485290E+2	6,770719E+1	1,000000E+0	3,508672E+2	2,500000E-2	8,939654E+3	4,609689E+2	9,563396E+1	7,912657E+2	2,848474E+3	1,686630E-1	9,037466E-4	1,587337E-2	8,791950E+5	4,533142E+2
4,274960E+2	2,770719E+1	1,000000E+0	3,508672E+2	2,500000E-2	8,939654E+3	4,609689E+2	9,563396E+1	7,736562E+2	3,074243E+3	1,646796E-1	6,306375E-4	1,587337E-2	8,791950E+5	4,533142E+2
8,191440E+2	6,942986E+1	1,000000E+0	3,725899E+2	2,500000E-2	8,880748E+3	4,846816E+2	8,263654E+1	9,805178E+2	4,185189E+3	6,565909E-1	4,326060E-4	5,900277E-2	2,262707E+6	5,633670E+2
8,938160E+2	5,942986E+1	1,000000E+0	3,725899E+2	2,500000E-2	8,880748E+3	4,846816E+2	8,263654E+1	9,780802E+2	4,187986E+3	6,608782E-1	4,030118E-4	5,900277E-2	2,262707E+6	5,633670E+2
6,764750E+2	4,942986E+1	1,000000E+0	3,725899E+2	2,500000E-2	8,880748E+3	4,846816E+2	8,263654E+1	9,754848E+2	4,191310E+3	6,647873E-1	3,768036E-4	5,900277E-2	2,262707E+6	5,633670E+2
6,371970E+2	3,942986E+1	1,000000E+0	3,725899E+2	2,500000E-2	8,880748E+3	4,846816E+2	8,263654E+1	9,727268E+2	4,195145E+3	6,683285E-1	3,534823E-4	5,900277E-2	2,262707E+6	5,633670E+2
5,741290E+2	9,429855E+0	1,000000E+0	3,725899E+2	2,500000E-2	8,880748E+3	4,846816E+2	8,263654E+1	9,634532E+2	4,209667E+3	6,768448E-1	2,970322E-4	5,900277E-2	2,262707E+6	5,633670E+2
5,835160E+2	9,429855E+0	1,000000E+0	3,725899E+2	2,500000E-2	8,880748E+3	4,846816E+2	8,263654E+1	9,634532E+2	4,209667E+3	6,768448E-1	2,970322E-4	5,900277E-2	2,262707E+6	5,633670E+2
5,461950E+2	-5,701450E-1	1,000000E+0	3,725899E+2	2,500000E-2	8,880748E+3	4,846816E+2	8,263654E+1	9,600272E+2	4,215518E+3	6,790121E-1	2,817480E-4	5,900277E-2	2,262707E+6	5,633670E+2
6,159310E+2	2,942986E+1	1,000000E+0	3,725899E+2	2,500000E-2	8,880748E+3	4,846816E+2	8,263654E+1	9,698032E+2	4,199484E+3	6,715121E-1	3,326337E-4	5,900277E-2	2,262707E+6	5,633670E+2
6,179090E+2	1,942986E+1	1,000000E+0	3,725899E+2	2,500000E-2	8,880748E+3	4,846816E+2	8,263654E+1	9,667122E+2	4,204325E+3	6,743478E-1	3,139132E-4	5,900277E-2	2,262707E+6	5,633670E+2
5,179880E+2	7,047019E+1	1,000000E+0	3,536302E+2	2,500000E-2	8,918423E+3	4,697401E+2	9,127817E+1	8,944005E+2	3,240211E+3	2,590008E-1	1,081182E-3	2,172368E-2	1,134837E+6	4,928235E+2
5,047090E+2	5,047019E+1	1,000000E+0	3,536302E+2	2,500000E-2	8,918423E+3	4,697401E+2	9,127817E+1	8,879460E+2	3,332083E+3	2,580696E-1	8,729273E-4	2,172368E-2	1,134837E+6	4,928235E+2
4,974720E+2	3,047019E+1	1,000000E+0	3,536302E+2	2,500000E-2	8,918423E+3	4,697401E+2	9,127817E+1	8,807926E+2	3,419112E+3	2,567638E-1	7,175187E-4	2,172368E-2	1,134837E+6	4,928235E+2
4,965180E+2	3,047019E+1	1,000000E+0	3,536302E+2	2,500000E-2	8,918423E+3	4,697401E+2	9,127817E+1	8,807926E+2	3,419112E+3	2,567638E-1	7,175187E-4	2,172368E-2	1,134837E+6	4,928235E+2
4,512280E+2	1,047019E+1	1,000000E+0	3,536302E+2	2,500000E-2	8,918423E+3	4,697401E+2	9,127817E+1	8,729106E+2	3,501398E+3	2,550718E-1	5,993756E-4	2,172368E-2	1,134837E+6	4,928235E+2
6,146960E+2	7,254716E+1	1,000000E+0	3,557072E+2	2,500000E-2	8,905777E+3	4,748441E+2	8,843385E+1	9,330827E+2	3,510260E+3	3,461515E-1	8,949395E-4	2,751946E-2	1,360967E+6	5,164731E+2
6,013610E+2	5,254716E+1	1,000000E+0	3,557072E+2	2,500000E-2	8,905777E+3	4,748441E+2	8,843385E+1	9,275410E+2	3,581246E+3	3,471725E-1	7,309925E-4	2,751946E-2	1,360967E+6	5,164731E+2
5,769070E+2	3,254716E+1	1,000000E+0	3,557072E+2	2,500000E-2	8,905777E+3	4,748441E+2	8,843385E+1	9,213507E+2	3,648111E+3	3,474814E-1	6,085358E-4	2,751946E-2	1,360967E+6	5,164731E+2
6,076270E+2	3,254716E+1	1,000000E+0	3,557072E+2	2,500000E-2	8,905777E+3	4,748441E+2	8,843385E+1	9,213507E+2	3,648111E+3	3,474814E-1	6,085358E-4	2,751946E-2	1,360967E+6	5,164731E+2
6,812700E+2	1,254716E+1	1,000000E+0	3,557072E+2	2,500000E-2	8,905777E+3	4,748441E+2	8,843385E+1	9,144688E+2	3,711147E+3	3,470953E-1	5,151776E-4	2,751946E-2	1,360967E+6	5,164731E+2
7,669450E+2	1,254716E+1	1,000000E+0	3,557072E+2	2,500000E-2	8,905777E+3	4,748441E+2	8,843385E+1	9,144688E+2	3,711147E+3	3,470953E-1	5,151776E-4	2,751946E-2	1,360967E+6	5,164731E+2
3,948990E+2	1,068401E+2	1,000000E+0	3,300001E+2	2,500000E-2	8,972248E+3	4,470109E+2	1,003070E+2	1,734866E+3	9,389989E+2	5,837055E-2	9,253656E-4	8,289191E-3	8,249410E+4	3,942066E+2
3,933290E+2	8,684013E+1	1,000000E+0	3,300001E+2	2,500000E-2	8,972248E+3	4,470109E+2	1,003070E+2	1,711330E+3	9,999698E+2	5,720242E-2	7,827790E-4	8,289191E-3	8,249410E+4	3,942066E+2
3,887450E+2	6,684013E+1	1,000000E+0	3,300001E+2	2,500000E-2	8,972248E+3	4,470109E+2	1,003070E+2	1,687267E+3	1,043364E+3	5,603430E-2	6,715617E-4	8,289191E-3	8,249410E+4	3,942066E+2
3,837410E+2	4,684013E+1	1,000000E+0	3,300001E+2	2,500000E-2	8,972248E+3	4,470109E+2	1,003070E+2	1,662808E+3	1,070712E+3	5,486623E-2	5,835952E-4	8,289191E-3	8,249410E+4	3,942066E+2
3,796810E+2	2,684013E+1	1,000000E+0	3,300001E+2	2,500000E-2	8,972248E+3	4,470109E+2	1,003070E+2	1,638025E+3	1,085330E+3	5,369827E-2	5,135244E-4	8,289191E-3	8,249410E+4	3,942066E+2
5,937420E+2	1,277072E+2	1,000000E+0	3,508672E+2	2,500000E-2	8,939654E+3	4,609689E+2	9,563396E+1	8,132103E+2	2,488027E+3	1,750340E-1	1,677716E-3	1,587337E-2	8,791950E+5	4,533142E+2
5,710700E+2	1,077072E+2	1,000000E+0	3,508672E+2	2,500000E-2	8,939654E+3	4,609689E+2	9,563396E+1	8,061877E+2	2,609127E+3	1,727596E-1	1,348004E-3	1,587337E-2	8,791950E+5	4,533142E+2
5,586580E+2	8,770719E+1	1,000000E+0	3,508672E+2	2,500000E-2	8,939654E+3	4,609689E+2	9,563396E+1	7,989812E+2	2,729892E+3	1,706638E-1	1,097506E-3	1,587337E-2	8,791950E+5	4,533142E+2
5,489960E+2	6,770719E+1	1,000000E+0	3,508672E+2	2,500000E-2	8,939654E+3	4,609689E+2	9,563396E+1	7,912657E+2	2,848474E+3	1,686630E-1	9,037466E-4	1,587337E-2	8,791950E+5	4,533142E+2
5,278170E+2	4,770719E+1	1,000000E+0	3,508672E+2	2,500000E-2	8,939654E+3	4,609689E+2	9,563396E+1	7,828507E+2	2,963538E+3	1,666870E-1	7,516054E-4	1,587337E-2	8,791950E+5	4,533142E+2
4,737760E+2	2,770719E+1	1,000000E+0	3,508672E+2	2,500000E-2	8,939654E+3	4,609689E+2	9,563396E+1	7,736562E+2	3,074243E+3	1,646796E-1	6,306375E-4	1,587337E-2	8,791950E+5	4,533142E+2
4,841950E+2	2,770719E+1	1,000000E+0	3,508672E+2	2,500000E-2	8,939654E+3	4,609689E+2	9,563396E+1	7,736562E+2	3,074243E+3	1,646796E-1	6,306375E-4	1,587337E-2	8,791950E+5	4,533142E+2
6,153850E+2	6,865177E+1	1,000000E+0	3,518118E+2	2,500000E-2	8,930825E+3	4,646470E+2	9,390775E+1	8,428661E+2	3,004460E+3	1,993092E-1	1,122130E-3	1,794446E-2	9,731458E+5	4,696929E+2
6,213500E+2	6,865177E+1	1,000000E+0	3,518118E+2	2,500000E-2	8,930825E+3	4,646470E+2	9,390775E+1	8,428661E+2	3,004460E+3	1,993092E-1	1,122130E-3	1,794446E-2	9,731458E+5	4,696929E+2
5,903050E+2	4,865177E+1	1,000000E+0	3,518118E+2	2,500000E-2	8,930825E+3	4,646470E+2	9,390775E+1	8,353476E+2	3,111303E+3	1,975057E-1	9,101598E-4	1,794446E-2	9,731458E+5	4,696929E+2
5,294740E+2	2,865177E+1	1,000000E+0	3,518118E+2	2,500000E-2	8,930825E+3	4,646470E+2	9,390775E+1	8,270804E+2	3,213401E+3	1,955625E-1	7,488099E-4	1,794446E-2	9,731458E+5	4,696929E+2
4,752650E+2	8,651766E+0	1,000000E+0	3,518118E+2	2,500000E-2	8,930825E+3	4,646470E+2	9,390775E+1	8,180522E+2	3,310596E+3	1,934471E-1	6,241327E-4	1,794446E-2	9,731458E+5	4,696929E+2
4,295460E+2	1,068401E+2	1,000000E+0	3,300001E+2	2,500000E-2	8,972248E+3	4,470109E+2	1,003070E+2	1,734866E+3	9,389989E+2	5,837055E-2	9,253656E-4	8,289191E-3	8,249410E+4	3,942066E+2
4,296670E+2	8,684013E+1	1,000000E+0	3,300001E+2	2,500000E-2	8,972248E+3	4,470109E+2	1,003070E+2	1,711330E+3	9,999698E+2	5,720242E-2	7,827790E-4	8,289191E-3	8,249410E+4	3,942066E+2
4,196260E+2	8,684013E+1	1,000000E+0	3,300001E+2	2,500000E-2	8,972248E+3	4,470109E+2	1,003070E+2	1,711330E+3	9,999698E+2	5,720242E-2	7,827790E-4	8,289191E-3	8,249410E+4	3,942066E+2
4,004630E+2	6,684013E+1	1,000000E+0	3,300001E+2	2,500000E-2	8,972248E+3	4,470109E+2	1,003070E+2	1,687267E+3	1,043364E+3	5,603430E-2	6,715617E-4	8,289191E-3	8,249410E+4	3,942066E+2
3,957990E+2	4,684013E+1	1,000000E+0	3,300001E+2	2,500000E-2	8,972248E+3	4,470109E+2	1,003070E+2	1,662808E+3	1,070712E+3	5,486623E-2	5,835952E-4	8,289191E-3	8,249410E+4	3,942066E+2
3,883930E+2	2,684013E+1	1,000000E+0	3,300001E+2	2,500000E-2	8,972248E+3	4,470109E+2	1,003070E+2	1,638025E+3	1,085330E+3	5,369827E-2	5,135244E-4	8,289191E-3	8,249410E+4	3,942066E+2
6,464120E+2	7,047019E+1	1,000000E+0	3,536302E+2	2,500000E-2	8,918423E+3	4,697401E+2	9,127817E+1	8,944005E+2	3,240211E+3	2,590008E-1	1,081182E-3	2,172368E-2	1,134837E+6	4,928235E+2
6,793500E+2	7,047019E+1	1,000000E+0	3,536302E+2	2,500000E-2	8,918423E+3	4,697401E+2	9,127817E+1	8,944005E+2	3,240211E+3	2,590008E-1	1,081182E-3	2,172368E-2	1,134837E+6	4,928235E+2
6,480590E+2	5,047019E+1	1,000000E+0	3,536302E+2	2,500000E-2	8,918423E+3	4,697401E+2	9,127817E+1	8,879460E+2	3,332083E+3	2,580696E-1	8,729273E-4	2,172368E-2	1,134837E+6	4,928235E+2
6,044200E+2	3,047019E+1	1,000000E+0	3,536302E+2	2,500000E-2	8,918423E+3	4,697401E+2	9,127817E+1	8,807926E+2	3,419112E+3	2,567638E-1	7,175187E-4	2,172368E-2	1,134837E+6	4,928235E+2
4,923580E+2	1,047019E+1	1,000000E+0	3,536302E+2	2,500000E-2	8,918423E+3	4,697401E+2	9,127817E+1	8,729106E+2	3,501398E+3	2,550718E-1	5,993756E-4	2,172368E-2	1,134837E+6	4,928235E+2
9,268660E+2	7,254716E+1	1,000000E+0	3,557072E+2	2,500000E-2	8,905777E+3	4,748441E+2	8,843385E+1	9,330827E+2	3,510260E+3	3,461515E-1	8,949395E-4	2,751946E-2	1,360967E+6	5,164731E+2
8,537880E+2	5,254716E+1	1,000000E+0	3,557072E+2	2,500000E-2	8,905777E+3	4,748441E+2	8,843385E+1	9,275410E+2	3,581246E+3	3,471725E-1	7,309925E-4	2,751946E-2	1,360967E+6	5,164731E+2
7,467310E+2	3,254716E+1	1,000000E+0	3,557072E+2	2,500000E-2	8,905777E+3	4,748441E+2	8,843385E+1	9,213507E+2	3,648111E+3	3,474814E-1	6,085358E-4	2,751946E-2	1,360967E+6	5,164731E+2
5,575660E+2	1,254716E+1	1,000000E+0	3,557072E+2	2,500000E-2	8,905777E+3	4,748441E+2	8,843385E+1	9,144688E+2	3,711147E+3	3,470953E-1	5,151776E-4	2,751946E-2	1,360967E+6	5,164731E+2
8,885470E+2	4,942986E+1	1,000000E+0	3,725899E+2	2,500000E-2	8,880748E+3	4,846816E+2	8,263654E+1	9,754848E+2	4,191310E+3	6,647873E-1	3,768036E-4	5,900277E-2	2,262707E+6	5,633670E+2
8,541370E+2	3,942986E+1	1,000000E+0	3,725899E+2	2,500000E-2	8,880748E+3	4,846816E+2	8,263654E+1	9,727268E+2	4,195145E+3	6,683285E-1	3,534823E-4	5,900277E-2	2,262707E+6	5,633670E+2
7,731050E+2	2,942986E+1	1,000000E+0	3,725899E+2	2,500000E-2	8,880748E+3	4,846816E+2	8,263654E+1	9,698032E+2	4,199484E+3	6,715121E-1	3,326337E-4	5,900277E-2	2,262707E+6	5,633670E+2
6,953320E+2	1,942986E+1	1,000000E+0	3,725899E+2	2,500000E-2	8,880748E+3	4,846816E+2	8,263654E+1	9,667122E+2	4,204325E+3	6,743478E-1	3,139132E-4	5,900277E-2	2,262707E+6	5,633670E+2
6,064440E+2	9,429855E+0	1,000000E+0	3,725899E+2	2,500000E-2	8,880748E+3	4,846816E+2	8,263654E+1	9,634532E+2	4,209667E+3	6,768448E-1	2,970322E-4	5,900277E-2	2,262707E+6	5,633670E+2
6,007740E+2	-5,701450E-1	1,000000E+0	3,725899E+2	2,500000E-2	8,880748E+3	4,846816E+2	8,263654E+1	9,600272E+2	4,215518E+3	6,790121E-1	2,817480E-4	5,900277E-2	2,262707E+6	5,633670E+2
5,456580E+2	4,770719E+1	1,000000E+0	3,508672E+2	2,500000E-2	8,939654E+3	4,609689E+2	9,563396E+1	7,828507E+2	2,963538E+3	1,666870E-1	7,516054E-4	1,587337E-2	8,791950E+5	4,533142E+2
4,964030E+2	2,770719E+1	1,000000E+0	3,508672E+2	2,500000E-2	8,939654E+3	4,609689E+2	9,563396E+1	7,736562E+2	3,074243E+3	1,646796E-1	6,306375E-4	1,587337E-2	8,791950E+5	4,533142E+2
5,519550E+2	4,770719E+1	1,000000E+0	3,508672E+2	2,500000E-2	8,939654E+3	4,609689E+2	9,563396E+1	7,828507E+2	2,963538E+3	1,666870E-1	7,516054E-4	1,587337E-2	8,791950E+5	4,533142E+2
5,224620E+2	2,770719E+1	1,000000E+0	3,508672E+2	2,500000E-2	8,939654E+3	4,609689E+2	9,563396E+1	7,736562E+2	3,074243E+3	1,646796E-1	6,306375E-4	1,587337E-2	8,791950E+5	4,533142E+2
5,912560E+2	1,277072E+2	1,000000E+0	3,508672E+2	2,500000E-2	4,509017E+3	4,966359E+2	2,271864E+1	8,132103E+2	2,488027E+3	1,750340E-1	1,677716E-3	1,587337E-2	8,791950E+5	4,533142E+2
6,018990E+2	1,077072E+2	1,000000E+0	3,508672E+2	2,500000E-2	4,509017E+3	4,966359E+2	2,271864E+1	8,061877E+2	2,609127E+3	1,727596E-1	1,348004E-3	1,587337E-2	8,791950E+5	4,533142E+2
5,959010E+2	1,077072E+2	1,000000E+0	3,508672E+2	2,500000E-2	4,509017E+3	4,966359E+2	2,271864E+1	8,061877E+2	2,609127E+3	1,727596E-1	1,348004E-3	1,587337E-2	8,791950E+5	4,533142E+2
5,574230E+2	8,770719E+1	1,000000E+0	3,508672E+2	2,500000E-2	4,509017E+3	4,966359E+2	2,271864E+1	7,989812E+2	2,729892E+3	1,706638E-1	1,097506E-3	1,587337E-2	8,791950E+5	4,533142E+2
5,287050E+2	6,770719E+1	1,000000E+0	3,508672E+2	2,500000E-2	4,509017E+3	4,966359E+2	2,271864E+1	7,912657E+2	2,848474E+3	1,686630E-1	9,037466E-4	1,587337E-2	8,791950E+5	4,533142E+2
5,273880E+2	4,770719E+1	1,000000E+0	3,508672E+2	2,500000E-2	4,509017E+3	4,966359E+2	2,271864E+1	7,828507E+2	2,963538E+3	1,666870E-1	7,516054E-4	1,587337E-2	8,791950E+5	4,533142E+2
4,895700E+2	2,770719E+1	1,000000E+0	3,508672E+2	2,500000E-2	4,509017E+3	4,966359E+2	2,271864E+1	7,736562E+2	3,074243E+3	1,646796E-1	6,306375E-4	1,587337E-2	8,791950E+5	4,533142E+2
6,186420E+2	6,865177E+1	1,000000E+0	3,518118E+2	2,500000E-2	4,506337E+3	5,060012E+2	2,246035E+1	8,428661E+2	3,004460E+3	1,993092E-1	1,122130E-3	1,794446E-2	9,731458E+5	4,696929E+2
5,594990E+2	4,865177E+1	1,000000E+0	3,518118E+2	2,500000E-2	4,506337E+3	5,060012E+2	2,246035E+1	8,353476E+2	3,111303E+3	1,975057E-1	9,101598E-4	1,794446E-2	9,731458E+5	4,696929E+2
5,384250E+2	2,865177E+1	1,000000E+0	3,518118E+2	2,500000E-2	4,506337E+3	5,060012E+2	2,246035E+1	8,270804E+2	3,213401E+3	1,955625E-1	7,488099E-4	1,794446E-2	9,731458E+5	4,696929E+2
5,331360E+2	2,865177E+1	1,000000E+0	3,518118E+2	2,500000E-2	4,506337E+3	5,060012E+2	2,246035E+1	8,270804E+2	3,213401E+3	1,955625E-1	7,488099E-4	1,794446E-2	9,731458E+5	4,696929E+2
4,750280E+2	8,651766E+0	1,000000E+0	3,518118E+2	2,500000E-2	4,506337E+3	5,060012E+2	2,246035E+1	8,180522E+2	3,310596E+3	1,934471E-1	6,241327E-4	1,794446E-2	9,731458E+5	4,696929E+2
4,762420E+2	8,651766E+0	1,000000E+0	3,518118E+2	2,500000E-2	4,506337E+3	5,060012E+2	2,246035E+1	8,180522E+2	3,310596E+3	1,934471E-1	6,241327E-4	1,794446E-2	9,731458E+5	4,696929E+2
7,155950E+2	7,047019E+1	1,000000E+0	3,536302E+2	2,500000E-2	4,502572E+3	5,184197E+2	2,211614E+1	8,944005E+2	3,240211E+3	2,590008E-1	1,081182E-3	2,172368E-2	1,134837E+6	4,928235E+2
7,380890E+2	7,047019E+1	1,000000E+0	3,536302E+2	2,500000E-2	4,502572E+3	5,184197E+2	2,211614E+1	8,944005E+2	3,240211E+3	2,590008E-1	1,081182E-3	2,172368E-2	1,134837E+6	4,928235E+2
6,806660E+2	5,047019E+1	1,000000E+0	3,536302E+2	2,500000E-2	4,502572E+3	5,184197E+2	2,211614E+1	8,879460E+2	3,332083E+3	2,580696E-1	8,729273E-4	2,172368E-2	1,134837E+6	4,928235E+2
6,819960E+2	5,047019E+1	1,000000E+0	3,536302E+2	2,500000E-2	4,502572E+3	5,184197E+2	2,211614E+1	8,879460E+2	3,332083E+3	2,580696E-1	8,729273E-4	2,172368E-2	1,134837E+6	4,928235E+2
6,294540E+2	3,047019E+1	1,000000E+0	3,536302E+2	2,500000E-2	4,502572E+3	5,184197E+2	2,211614E+1	8,807926E+2	3,419112E+3	2,567638E-1	7,175187E-4	2,172368E-2	1,134837E+6	4,928235E+2
6,104220E+2	3,047019E+1	1,000000E+0	3,536302E+2	2,500000E-2	4,502572E+3	5,184197E+2	2,211614E+1	8,807926E+2	3,419112E+3	2,567638E-1	7,175187E-4	2,172368E-2	1,134837E+6	4,928235E+2
5,169980E+2	1,047019E+1	1,000000E+0	3,536302E+2	2,500000E-2	4,502572E+3	5,184197E+2	2,211614E+1	8,729106E+2	3,501398E+3	2,550718E-1	5,993756E-4	2,172368E-2	1,134837E+6	4,928235E+2
4,420540E+2	1,068401E+2	1,000000E+0	3,300001E+2	2,500000E-2	4,518911E+3	4,580815E+2	2,376912E+1	1,734866E+3	9,389989E+2	5,837055E-2	9,253656E-4	8,289191E-3	8,249410E+4	3,942066E+2
4,349870E+2	8,684013E+1	1,000000E+0	3,300001E+2	2,500000E-2	4,518911E+3	4,580815E+2	2,376912E+1	1,711330E+3	9,999698E+2	5,720242E-2	7,827790E-4	8,289191E-3	8,249410E+4	3,942066E+2
4,129430E+2	6,684013E+1	1,000000E+0	3,300001E+2	2,500000E-2	4,518911E+3	4,580815E+2	2,376912E+1	1,687267E+3	1,043364E+3	5,603430E-2	6,715617E-4	8,289191E-3	8,249410E+4	3,942066E+2
4,026640E+2	4,684013E+1	1,000000E+0	3,300001E+2	2,500000E-2	4,518911E+3	4,580815E+2	2,376912E+1	1,662808E+3	1,070712E+3	5,486623E-2	5,835952E-4	8,289191E-3	8,249410E+4	3,942066E+2
3,913340E+2	2,684013E+1	1,000000E+0	3,300001E+2	2,500000E-2	4,518911E+3	4,580815E+2	2,376912E+1	1,638025E+3	1,085330E+3	5,369827E-2	5,135244E-4	8,289191E-3	8,249410E+4	3,942066E+2
7,174400E+2	7,254716E+1	1,000000E+0	3,557072E+2	2,500000E-2	4,498733E+3	5,302237E+2	2,178739E+1	9,330827E+2	3,510260E+3	3,461515E-1	8,949395E-4	2,751946E-2	1,360967E+6	5,164731E+2
6,287420E+2	5,254716E+1	1,000000E+0	3,557072E+2	2,500000E-2	4,498733E+3	5,302237E+2	2,178739E+1	9,275410E+2	3,581246E+3	3,471725E-1	7,309925E-4	2,751946E-2	1,360967E+6	5,164731E+2
6,292460E+2	5,254716E+1	1,000000E+0	3,557072E+2	2,500000E-2	4,498733E+3	5,302237E+2	2,178739E+1	9,275410E+2	3,581246E+3	3,471725E-1	7,309925E-4	2,751946E-2	1,360967E+6	5,164731E+2
6,147130E+2	5,254716E+1	1,000000E+0	3,557072E+2	2,500000E-2	4,498733E+3	5,302237E+2	2,178739E+1	9,275410E+2	3,581246E+3	3,471725E-1	7,309925E-4	2,751946E-2	1,360967E+6	5,164731E+2
5,415180E+2	3,254716E+1	1,000000E+0	3,557072E+2	2,500000E-2	4,498733E+3	5,302237E+2	2,178739E+1	9,213507E+2	3,648111E+3	3,474814E-1	6,085358E-4	2,751946E-2	1,360967E+6	5,164731E+2
5,807760E+2	3,254716E+1	1,000000E+0	3,557072E+2	2,500000E-2	4,498733E+3	5,302237E+2	2,178739E+1	9,213507E+2	3,648111E+3	3,474814E-1	6,085358E-4	2,751946E-2	1,360967E+6	5,164731E+2
4,689820E+2	1,254716E+1	1,000000E+0	3,557072E+2	2,500000E-2	4,498733E+3	5,302237E+2	2,178739E+1	9,144688E+2	3,711147E+3	3,470953E-1	5,151776E-4	2,751946E-2	1,360967E+6	5,164731E+2
4,906900E+2	1,254716E+1	1,000000E+0	3,557072E+2	2,500000E-2	4,498733E+3	5,302237E+2	2,178739E+1	9,144688E+2	3,711147E+3	3,470953E-1	5,151776E-4	2,751946E-2	1,360967E+6	5,164731E+2
8,302490E+2	4,942986E+1	1,000000E+0	3,725899E+2	2,500000E-2	4,491136E+3	5,511625E+2	2,120192E+1	9,754848E+2	4,191310E+3	6,647873E-1	3,768036E-4	5,900277E-2	2,262707E+6	5,633670E+2
7,037340E+2	4,942986E+1	1,000000E+0	3,725899E+2	2,500000E-2	4,491136E+3	5,511625E+2	2,120192E+1	9,754848E+2	4,191310E+3	6,647873E-1	3,768036E-4	5,900277E-2	2,262707E+6	5,633670E+2
6,417230E+2	3,942986E+1	1,000000E+0	3,725899E+2	2,500000E-2	4,491136E+3	5,511625E+2	2,120192E+1	9,727268E+2	4,195145E+3	6,683285E-1	3,534823E-4	5,900277E-2	2,262707E+6	5,633670E+2
6,248740E+2	2,942986E+1	1,000000E+0	3,725899E+2	2,500000E-2	4,491136E+3	5,511625E+2	2,120192E+1	9,698032E+2	4,199484E+3	6,715121E-1	3,326337E-4	5,900277E-2	2,262707E+6	5,633670E+2
6,560990E+2	2,942986E+1	1,000000E+0	3,725899E+2	2,500000E-2	4,491136E+3	5,511625E+2	2,120192E+1	9,698032E+2	4,199484E+3	6,715121E-1	3,326337E-4	5,900277E-2	2,262707E+6	5,633670E+2
6,691540E+2	2,942986E+1	1,000000E+0	3,725899E+2	2,500000E-2	4,491136E+3	5,511625E+2	2,120192E+1	9,698032E+2	4,199484E+3	6,715121E-1	3,326337E-4	5,900277E-2	2,262707E+6	5,633670E+2
6,042790E+2	2,942986E+1	1,000000E+0	3,725899E+2	2,500000E-2	4,491136E+3	5,511625E+2	2,120192E+1	9,698032E+2	4,199484E+3	6,715121E-1	3,326337E-4	5,900277E-2	2,262707E+6	5,633670E+2
6,537970E+2	1,942986E+1	1,000000E+0	3,725899E+2	2,500000E-2	4,491136E+3	5,511625E+2	2,120192E+1	9,667122E+2	4,204325E+3	6,743478E-1	3,139132E-4	5,900277E-2	2,262707E+6	5,633670E+2
6,851800E+2	1,942986E+1	1,000000E+0	3,725899E+2	2,500000E-2	4,491136E+3	5,511625E+2	2,120192E+1	9,667122E+2	4,204325E+3	6,743478E-1	3,139132E-4	5,900277E-2	2,262707E+6	5,633670E+2
6,125470E+2	1,942986E+1	1,000000E+0	3,725899E+2	2,500000E-2	4,491136E+3	5,511625E+2	2,120192E+1	9,667122E+2	4,204325E+3	6,743478E-1	3,139132E-4	5,900277E-2	2,262707E+6	5,633670E+2
6,274870E+2	1,942986E+1	1,000000E+0	3,725899E+2	2,500000E-2	4,491136E+3	5,511625E+2	2,120192E+1	9,667122E+2	4,204325E+3	6,743478E-1	3,139132E-4	5,900277E-2	2,262707E+6	5,633670E+2
6,028410E+2	1,442986E+1	1,000000E+0	3,725899E+2	2,500000E-2	4,491136E+3	5,511625E+2	2,120192E+1	9,651037E+2	4,206933E+3	6,756380E-1	3,052589E-4	5,900277E-2	2,262707E+6	5,633670E+2
5,831730E+2	9,429855E+0	1,000000E+0	3,725899E+2	2,500000E-2	4,491136E+3	5,511625E+2	2,120192E+1	9,634532E+2	4,209667E+3	6,768448E-1	2,970322E-4	5,900277E-2	2,262707E+6	5,633670E+2
6,393030E+2	9,429855E+0	1,000000E+0	3,725899E+2	2,500000E-2	4,491136E+3	5,511625E+2	2,120192E+1	9,634532E+2	4,209667E+3	6,768448E-1	2,970322E-4	5,900277E-2	2,262707E+6	5,633670E+2
6,210190E+2	9,429855E+0	1,000000E+0	3,725899E+2	2,500000E-2	4,491136E+3	5,511625E+2	2,120192E+1	9,634532E+2	4,209667E+3	6,768448E-1	2,970322E-4	5,900277E-2	2,262707E+6	5,633670E+2
9,062360E+2	3,942986E+1	1,000000E+0	3,725899E+2	2,500000E-2	4,491136E+3	5,511625E+2	2,120192E+1	9,727268E+2	4,195145E+3	6,683285E-1	3,534823E-4	5,900277E-2	2,262707E+6	5,633670E+2
9,300660E+2	3,942986E+1	1,000000E+0	3,725899E+2	2,500000E-2	4,491136E+3	5,511625E+2	2,120192E+1	9,727268E+2	4,195145E+3	6,683285E-1	3,534823E-4	5,900277E-2	2,262707E+6	5,633670E+2
9,438640E+2	3,942986E+1	1,000000E+0	3,725899E+2	2,500000E-2	4,491136E+3	5,511625E+2	2,120192E+1	9,727268E+2	4,195145E+3	6,683285E-1	3,534823E-4	5,900277E-2	2,262707E+6	5,633670E+2
8,322540E+2	2,942986E+1	1,000000E+0	3,725899E+2	2,500000E-2	4,491136E+3	5,511625E+2	2,120192E+1	9,698032E+2	4,199484E+3	6,715121E-1	3,326337E-4	5,900277E-2	2,262707E+6	5,633670E+2
6,380500E+2	2,942986E+1	1,000000E+0	3,725899E+2	2,500000E-2	4,491136E+3	5,511625E+2	2,120192E+1	9,698032E+2	4,199484E+3	6,715121E-1	3,326337E-4	5,900277E-2	2,262707E+6	5,633670E+2
6,203280E+2	2,942986E+1	1,000000E+0	3,725899E+2	2,500000E-2	4,491136E+3	5,511625E+2	2,120192E+1	9,698032E+2	4,199484E+3	6,715121E-1	3,326337E-4	5,900277E-2	2,262707E+6	5,633670E+2
6,762040E+2	2,942986E+1	1,000000E+0	3,725899E+2	2,500000E-2	4,491136E+3	5,511625E+2	2,120192E+1	9,698032E+2	4,199484E+3	6,715121E-1	3,326337E-4	5,900277E-2	2,262707E+6	5,633670E+2
6,685710E+2	2,942986E+1	1,000000E+0	3,725899E+2	2,500000E-2	4,491136E+3	5,511625E+2	2,120192E+1	9,698032E+2	4,199484E+3	6,715121E-1	3,326337E-4	5,900277E-2	2,262707E+6	5,633670E+2
1,276130E+2	-1,959125E+2	1,000000E+0	7,724747E+1	2,500000E-2	9,171305E+3	3,745182E+2	4,363690E+2	NaN	NaN	NaN	NaN	8,899654E-3	1,992800E+5	1,102684E+2
1,259000E+2	-1,959125E+2	1,000000E+0	7,724747E+1	2,500000E-2	9,171305E+3	3,745182E+2	4,363690E+2	NaN	NaN	NaN	NaN	8,899654E-3	1,992800E+5	1,102684E+2
1,282820E+2	-1,959125E+2	1,000000E+0	7,724747E+1	2,500000E-2	9,171305E+3	3,745182E+2	4,363690E+2	NaN	NaN	NaN	NaN	8,899654E-3	1,992800E+5	1,102684E+2
1,236640E+2	-1,959125E+2	1,000000E+0	7,724747E+1	2,500000E-2	9,171305E+3	3,745182E+2	4,363690E+2	NaN	NaN	NaN	NaN	8,899654E-3	1,992800E+5	1,102684E+2
1,326030E+2	-1,959125E+2	1,000000E+0	7,724747E+1	2,500000E-2	9,171305E+3	3,745182E+2	4,363690E+2	NaN	NaN	NaN	NaN	8,899654E-3	1,992800E+5	1,102684E+2
1,277510E+2	-1,959125E+2	1,000000E+0	7,724747E+1	2,500000E-2	9,171305E+3	3,745182E+2	4,363690E+2	NaN	NaN	NaN	NaN	8,899654E-3	1,992800E+5	1,102684E+2
1,278160E+2	-1,959125E+2	1,000000E+0	7,724747E+1	2,500000E-2	9,171305E+3	3,745182E+2	4,363690E+2	NaN	NaN	NaN	NaN	8,899654E-3	1,992800E+5	1,102684E+2
1,296330E+2	-1,959125E+2	1,000000E+0	7,724747E+1	2,500000E-2	9,171305E+3	3,745182E+2	4,363690E+2	NaN	NaN	NaN	NaN	8,899654E-3	1,992800E+5	1,102684E+2
1,282860E+2	-1,959125E+2	1,000000E+0	7,724747E+1	2,500000E-2	9,171305E+3	3,745182E+2	4,363690E+2	NaN	NaN	NaN	NaN	8,899654E-3	1,992800E+5	1,102684E+2
1,279360E+2	-1,959125E+2	1,000000E+0	7,724747E+1	2,500000E-2	9,171305E+3	3,745182E+2	4,363690E+2	NaN	NaN	NaN	NaN	8,899654E-3	1,992800E+5	1,102684E+2
1,309790E+2	-1,959125E+2	1,000000E+0	7,724747E+1	2,500000E-2	9,171305E+3	3,745182E+2	4,363690E+2	NaN	NaN	NaN	NaN	8,899654E-3	1,992800E+5	1,102684E+2
1,315740E+2	-1,959125E+2	1,000000E+0	7,724747E+1	2,500000E-2	9,171305E+3	3,745182E+2	4,363690E+2	NaN	NaN	NaN	NaN	8,899654E-3	1,992800E+5	1,102684E+2
1,297560E+2	-1,959125E+2	1,000000E+0	7,724747E+1	2,500000E-2	9,171305E+3	3,745182E+2	4,363690E+2	NaN	NaN	NaN	NaN	8,899654E-3	1,992800E+5	1,102684E+2
1,240840E+2	-1,959125E+2	1,000000E+0	7,724747E+1	2,500000E-2	9,171305E+3	3,745182E+2	4,363690E+2	NaN	NaN	NaN	NaN	8,899654E-3	1,992800E+5	1,102684E+2
1,336720E+2	-1,959125E+2	1,000000E+0	7,724747E+1	2,500000E-2	9,171305E+3	3,745182E+2	4,363690E+2	NaN	NaN	NaN	NaN	8,899654E-3	1,992800E+5	1,102684E+2
1,301760E+2	-1,959125E+2	1,000000E+0	7,724747E+1	2,500000E-2	9,171305E+3	3,745182E+2	4,363690E+2	NaN	NaN	NaN	NaN	8,899654E-3	1,992800E+5	1,102684E+2
1,275480E+2	-1,959125E+2	1,000000E+0	7,724747E+1	2,500000E-2	9,171305E+3	3,745182E+2	4,363690E+2	NaN	NaN	NaN	NaN	8,899654E-3	1,992800E+5	1,102684E+2
1,676910E+2	-1,959125E+2	1,000000E+0	7,724747E+1	2,500000E-2	9,171305E+3	3,745182E+2	4,363690E+2	NaN	NaN	NaN	NaN	8,899654E-3	1,992800E+5	1,102684E+2
1,698250E+2	-1,959125E+2	1,000000E+0	7,724747E+1	2,500000E-2	9,171305E+3	3,745182E+2	4,363690E+2	NaN	NaN	NaN	NaN	8,899654E-3	1,992800E+5	1,102684E+2
1,252280E+2	-1,959125E+2	1,000000E+0	7,724747E+1	2,500000E-2	9,171305E+3	3,745182E+2	4,363690E+2	NaN	NaN	NaN	NaN	8,899654E-3	1,992800E+5	1,102684E+2
1,559790E+2	-1,959125E+2	1,000000E+0	7,724747E+1	2,500000E-2	7,080404E+3	3,530554E+2	8,609055E+0	NaN	NaN	NaN	NaN	8,899654E-3	1,992800E+5	1,102684E+2
4,349820E+2	1,068401E+2	1,000000E+0	3,300001E+2	2,500000E-2	7,123516E+3	5,483296E+2	1,325135E+1	1,734866E+3	9,389989E+2	5,837055E-2	9,253656E-4	8,289191E-3	8,249410E+4	3,942066E+2
4,503660E+2	1,068401E+2	1,000000E+0	3,300001E+2	2,500000E-2	7,123516E+3	5,483296E+2	1,325135E+1	1,734866E+3	9,389989E+2	5,837055E-2	9,253656E-4	8,289191E-3	8,249410E+4	3,942066E+2
1,789190E+2	-1,959125E+2	1,000000E+0	7,724747E+1	2,500000E-2	7,080404E+3	3,530554E+2	8,609055E+0	NaN	NaN	NaN	NaN	8,899654E-3	1,992800E+5	1,102684E+2
4,336890E+2	8,684013E+1	1,000000E+0	3,300001E+2	2,500000E-2	7,123516E+3	5,483296E+2	1,325135E+1	1,711330E+3	9,999698E+2	5,720242E-2	7,827790E-4	8,289191E-3	8,249410E+4	3,942066E+2
4,179170E+2	6,684013E+1	1,000000E+0	3,300001E+2	2,500000E-2	7,123516E+3	5,483296E+2	1,325135E+1	1,687267E+3	1,043364E+3	5,603430E-2	6,715617E-4	8,289191E-3	8,249410E+4	3,942066E+2
4,116330E+2	4,684013E+1	1,000000E+0	3,300001E+2	2,500000E-2	7,123516E+3	5,483296E+2	1,325135E+1	1,662808E+3	1,070712E+3	5,486623E-2	5,835952E-4	8,289191E-3	8,249410E+4	3,942066E+2
3,967460E+2	2,684013E+1	1,000000E+0	3,300001E+2	2,500000E-2	7,123516E+3	5,483296E+2	1,325135E+1	1,638025E+3	1,085330E+3	5,369827E-2	5,135244E-4	8,289191E-3	8,249410E+4	3,942066E+2
4,588130E+2	5,570719E+1	1,000000E+0	3,508672E+2	2,500000E-2	8,961629E+3	3,875844E+2	4,052936E+2	7,863079E+2	2,917999E+3	1,674783E-1	8,082184E-4	1,587337E-2	8,791950E+5	4,533142E+2
4,384350E+2	5,570719E+1	1,000000E+0	3,508672E+2	2,500000E-2	8,961629E+3	3,875844E+2	4,052936E+2	7,863079E+2	2,917999E+3	1,674783E-1	8,082184E-4	1,587337E-2	8,791950E+5	4,533142E+2
4,562800E+2	4,770719E+1	1,000000E+0	3,508672E+2	2,500000E-2	8,961629E+3	3,875844E+2	4,052936E+2	7,828507E+2	2,963538E+3	1,666870E-1	7,516054E-4	1,587337E-2	8,791950E+5	4,533142E+2
4,969940E+2	7,845683E+1	3,000000E+0	3,816168E+2	2,500000E-2	8,961629E+3	3,875844E+2	4,052936E+2	7,683917E+2	3,131805E+3	1,635722E-1	5,758231E-4	1,221985E-2	8,156802E+5	4,552949E+2
5,015460E+2	9,518899E+1	5,000000E+0	3,983490E+2	2,500000E-2	8,961629E+3	3,875844E+2	4,052936E+2	7,597735E+2	3,218704E+3	1,617942E-1	5,020563E-4	1,032433E-2	7,761304E+5	4,572756E+2
4,556200E+2	3,770719E+1	1,000000E+0	3,508672E+2	2,500000E-2	8,961629E+3	3,875844E+2	4,052936E+2	7,783523E+2	3,019468E+3	1,656902E-1	6,877444E-4	1,587337E-2	8,791950E+5	4,533142E+2
4,472560E+2	2,770719E+1	1,000000E+0	3,508672E+2	2,500000E-2	8,961629E+3	3,875844E+2	4,052936E+2	7,736562E+2	3,074243E+3	1,646796E-1	6,306375E-4	1,587337E-2	8,791950E+5	4,533142E+2
4,612550E+2	4,636004E+1	2,000000E+0	3,695200E+2	2,500000E-2	8,961629E+3	3,875844E+2	4,052936E+2	7,643832E+2	3,173253E+3	1,627413E-1	5,393620E-4	1,363377E-2	8,422609E+5	4,543045E+2
4,863990E+2	5,845683E+1	3,000000E+0	3,816168E+2	2,500000E-2	8,961629E+3	3,875844E+2	4,052936E+2	7,580337E+2	3,235306E+3	1,614382E-1	4,890923E-4	1,221985E-2	8,156802E+5	4,552949E+2
5,027550E+2	6,765296E+1	4,000000E+0	3,908130E+2	2,500000E-2	8,961629E+3	3,875844E+2	4,052936E+2	7,530458E+2	3,281414E+3	1,604200E-1	4,548548E-4	1,116660E-2	7,942732E+5	4,562853E+2
5,225310E+2	7,518899E+1	5,000000E+0	3,983490E+2	2,500000E-2	8,961629E+3	3,875844E+2	4,052936E+2	7,488631E+2	3,318569E+3	1,595670E-1	4,290784E-4	1,032433E-2	7,761304E+5	4,572756E+2
5,085970E+2	6,765296E+1	4,000000E+0	3,908130E+2	2,500000E-2	8,961629E+3	3,875844E+2	4,052936E+2	7,530458E+2	3,281414E+3	1,604200E-1	4,548548E-4	1,116660E-2	7,942732E+5	4,562853E+2
4,297220E+2	1,237407E+1	1,200000E+0	3,555341E+2	2,500000E-2	8,961629E+3	3,875844E+2	4,052936E+2	7,612578E+2	3,204309E+3	1,620984E-1	5,135800E-4	1,530339E-2	8,704143E+5	4,535122E+2
4,311190E+2	1,237407E+1	1,200000E+0	3,555341E+2	2,500000E-2	8,961629E+3	3,875844E+2	4,052936E+2	7,612578E+2	3,204309E+3	1,620984E-1	5,135800E-4	1,530339E-2	8,704143E+5	4,535122E+2
4,342800E+2	1,237407E+1	1,200000E+0	3,555341E+2	2,500000E-2	8,961629E+3	3,875844E+2	4,052936E+2	7,612578E+2	3,204309E+3	1,620984E-1	5,135800E-4	1,530339E-2	8,704143E+5	4,535122E+2
4,353090E+2	1,237407E+1	1,200000E+0	3,555341E+2	2,500000E-2	8,961629E+3	3,875844E+2	4,052936E+2	7,612578E+2	3,204309E+3	1,620984E-1	5,135800E-4	1,530339E-2	8,704143E+5	4,535122E+2
4,356670E+2	1,237407E+1	1,200000E+0	3,555341E+2	2,500000E-2	8,961629E+3	3,875844E+2	4,052936E+2	7,612578E+2	3,204309E+3	1,620984E-1	5,135800E-4	1,530339E-2	8,704143E+5	4,535122E+2
4,427060E+2	1,833660E+1	1,500000E+0	3,614966E+2	2,500000E-2	8,961629E+3	3,875844E+2	4,052936E+2	7,580981E+2	3,234697E+3	1,614513E-1	4,895616E-4	1,458749E-2	8,587809E+5	4,538093E+2
4,422390E+2	1,833660E+1	1,500000E+0	3,614966E+2	2,500000E-2	8,961629E+3	3,875844E+2	4,052936E+2	7,580981E+2	3,234697E+3	1,614513E-1	4,895616E-4	1,458749E-2	8,587809E+5	4,538093E+2
4,443990E+2	1,833660E+1	1,500000E+0	3,614966E+2	2,500000E-2	8,961629E+3	3,875844E+2	4,052936E+2	7,580981E+2	3,234697E+3	1,614513E-1	4,895616E-4	1,458749E-2	8,587809E+5	4,538093E+2
4,641550E+2	2,636004E+1	2,000000E+0	3,695200E+2	2,500000E-2	8,961629E+3	3,875844E+2	4,052936E+2	7,537550E+2	3,274985E+3	1,605647E-1	4,594770E-4	1,363377E-2	8,422609E+5	4,543045E+2
4,656520E+2	2,636004E+1	2,000000E+0	3,695200E+2	2,500000E-2	8,961629E+3	3,875844E+2	4,052936E+2	7,537550E+2	3,274985E+3	1,605647E-1	4,594770E-4	1,363377E-2	8,422609E+5	4,543045E+2
4,618710E+2	2,636004E+1	2,000000E+0	3,695200E+2	2,500000E-2	8,961629E+3	3,875844E+2	4,052936E+2	7,537550E+2	3,274985E+3	1,605647E-1	4,594770E-4	1,363377E-2	8,422609E+5	4,543045E+2
4,616790E+2	2,636004E+1	2,000000E+0	3,695200E+2	2,500000E-2	8,961629E+3	3,875844E+2	4,052936E+2	7,537550E+2	3,274985E+3	1,605647E-1	4,594770E-4	1,363377E-2	8,422609E+5	4,543045E+2
4,606370E+2	2,636004E+1	2,000000E+0	3,695200E+2	2,500000E-2	8,961629E+3	3,875844E+2	4,052936E+2	7,537550E+2	3,274985E+3	1,605647E-1	4,594770E-4	1,363377E-2	8,422609E+5	4,543045E+2
4,745040E+2	3,290047E+1	2,500000E+0	3,760605E+2	2,500000E-2	8,961629E+3	3,875844E+2	4,052936E+2	7,501419E+2	3,307343E+3	1,598278E-1	4,367011E-4	1,286456E-2	8,281065E+5	4,547997E+2
4,850210E+2	3,845683E+1	3,000000E+0	3,816168E+2	2,500000E-2	8,961629E+3	3,875844E+2	4,052936E+2	7,470245E+2	3,334517E+3	1,591917E-1	4,184909E-4	1,221985E-2	8,156802E+5	4,552949E+2
4,937210E+2	4,331653E+1	3,500000E+0	3,864765E+2	2,500000E-2	8,961629E+3	3,875844E+2	4,052936E+2	7,442640E+2	3,358064E+3	1,586277E-1	4,033663E-4	1,166047E-2	8,044839E+5	4,557901E+2
5,006200E+2	4,765296E+1	4,000000E+0	3,908130E+2	2,500000E-2	8,961629E+3	3,875844E+2	4,052936E+2	7,417754E+2	3,378918E+3	1,581184E-1	3,904674E-4	1,116660E-2	7,942732E+5	4,562853E+2
5,081420E+2	5,158827E+1	4,500000E+0	3,947483E+2	2,500000E-2	8,961629E+3	3,875844E+2	4,052936E+2	7,394974E+2	3,397725E+3	1,576514E-1	3,792250E-4	1,072625E-2	7,849056E+5	4,567805E+2
5,169420E+2	5,518899E+1	5,000000E+0	3,983490E+2	2,500000E-2	8,961629E+3	3,875844E+2	4,052936E+2	7,373977E+2	3,414844E+3	1,572200E-1	3,693075E-4	1,032433E-2	7,761304E+5	4,572756E+2
6,305350E+2	3,942986E+1	1,000000E+0	3,725899E+2	2,500000E-2	8,893891E+3	3,951355E+2	3,952542E+2	9,727268E+2	4,195145E+3	6,683285E-1	3,534823E-4	5,900277E-2	2,262707E+6	5,633670E+2
7,026940E+2	3,942986E+1	1,000000E+0	3,725899E+2	2,500000E-2	8,893891E+3	3,951355E+2	3,952542E+2	9,727268E+2	4,195145E+3	6,683285E-1	3,534823E-4	5,900277E-2	2,262707E+6	5,633670E+2
7,853450E+2	3,942986E+1	1,000000E+0	3,725899E+2	2,500000E-2	8,893891E+3	3,951355E+2	3,952542E+2	9,727268E+2	4,195145E+3	6,683285E-1	3,534823E-4	5,900277E-2	2,262707E+6	5,633670E+2
6,321570E+2	4,488902E+1	2,000000E+0	3,930490E+2	2,500000E-2	8,893891E+3	3,951355E+2	3,952542E+2	9,616035E+2	4,212797E+3	6,780683E-1	2,885042E-4	5,497318E-2	2,207031E+6	5,637482E+2
6,275140E+2	1,942986E+1	1,000000E+0	3,725899E+2	2,500000E-2	8,893891E+3	3,951355E+2	3,952542E+2	9,667122E+2	4,204325E+3	6,743478E-1	3,139132E-4	5,900277E-2	2,262707E+6	5,633670E+2
5,570980E+2	3,988902E+1	2,000000E+0	3,930490E+2	2,500000E-2	8,893891E+3	3,951355E+2	3,952542E+2	9,598659E+2	4,215799E+3	6,791038E-1	2,810810E-4	5,497318E-2	2,207031E+6	5,637482E+2
5,688350E+2	5,319933E+1	3,000000E+0	4,063593E+2	2,500000E-2	8,893891E+3	3,951355E+2	3,952542E+2	9,550400E+2	4,224430E+3	6,814725E-1	2,629440E-4	5,226090E-2	2,167562E+6	5,641295E+2
5,436140E+2	9,429855E+0	1,000000E+0	3,725899E+2	2,500000E-2	8,893891E+3	3,951355E+2	3,952542E+2	9,634532E+2	4,209667E+3	6,768448E-1	2,970322E-4	5,900277E-2	2,262707E+6	5,633670E+2
5,456480E+2	3,964465E+1	2,700000E+0	4,028046E+2	2,500000E-2	8,893891E+3	3,951355E+2	3,952542E+2	9,526001E+2	4,228952E+3	6,824210E-1	2,549224E-4	5,299201E-2	2,178352E+6	5,640151E+2
5,084770E+2	2,988902E+1	2,000000E+0	3,930490E+2	2,500000E-2	8,893891E+3	3,951355E+2	3,952542E+2	9,562672E+2	4,222195E+3	6,809355E-1	2,672485E-4	5,497318E-2	2,207031E+6	5,637482E+2
7,679840E+2	2,942986E+1	1,000000E+0	3,725899E+2	2,500000E-2	8,893891E+3	3,951355E+2	3,952542E+2	9,698032E+2	4,199484E+3	6,715121E-1	3,326337E-4	5,900277E-2	2,262707E+6	5,633670E+2
4,415030E+2	4,770719E+1	1,000000E+0	3,508672E+2	2,500000E-2	8,961629E+3	3,875844E+2	4,052936E+2	7,828507E+2	2,963538E+3	1,666870E-1	7,516054E-4	1,587337E-2	8,791950E+5	4,533142E+2
4,693670E+2	7,845683E+1	3,000000E+0	3,816168E+2	2,500000E-2	8,961629E+3	3,875844E+2	4,052936E+2	7,683917E+2	3,131805E+3	1,635722E-1	5,758231E-4	1,221985E-2	8,156802E+5	4,552949E+2
4,695770E+2	7,845683E+1	3,000000E+0	3,816168E+2	2,500000E-2	8,961629E+3	3,875844E+2	4,052936E+2	7,683917E+2	3,131805E+3	1,635722E-1	5,758231E-4	1,221985E-2	8,156802E+5	4,552949E+2
4,985920E+2	9,518899E+1	5,000000E+0	3,983490E+2	2,500000E-2	8,961629E+3	3,875844E+2	4,052936E+2	7,597735E+2	3,218704E+3	1,617942E-1	5,020563E-4	1,032433E-2	7,761304E+5	4,572756E+2
4,993770E+2	9,518899E+1	5,000000E+0	3,983490E+2	2,500000E-2	8,961629E+3	3,875844E+2	4,052936E+2	7,597735E+2	3,218704E+3	1,617942E-1	5,020563E-4	1,032433E-2	7,761304E+5	4,572756E+2
4,886140E+2	8,765296E+1	4,000000E+0	3,908130E+2	2,500000E-2	8,961629E+3	3,875844E+2	4,052936E+2	7,637166E+2	3,179964E+3	1,626039E-1	5,336815E-4	1,116660E-2	7,942732E+5	4,562853E+2
4,896270E+2	8,765296E+1	4,000000E+0	3,908130E+2	2,500000E-2	8,961629E+3	3,875844E+2	4,052936E+2	7,637166E+2	3,179964E+3	1,626039E-1	5,336815E-4	1,116660E-2	7,942732E+5	4,562853E+2
4,485530E+2	2,770719E+1	1,000000E+0	3,508672E+2	2,500000E-2	8,961629E+3	3,875844E+2	4,052936E+2	7,736562E+2	3,074243E+3	1,646796E-1	6,306375E-4	1,587337E-2	8,791950E+5	4,533142E+2
4,742120E+2	4,636004E+1	2,000000E+0	3,695200E+2	2,500000E-2	8,961629E+3	3,875844E+2	4,052936E+2	7,643832E+2	3,173253E+3	1,627413E-1	5,393620E-4	1,363377E-2	8,422609E+5	4,543045E+2
4,812130E+2	5,845683E+1	3,000000E+0	3,816168E+2	2,500000E-2	8,961629E+3	3,875844E+2	4,052936E+2	7,580337E+2	3,235306E+3	1,614382E-1	4,890923E-4	1,221985E-2	8,156802E+5	4,552949E+2
4,993580E+2	6,765296E+1	4,000000E+0	3,908130E+2	2,500000E-2	8,961629E+3	3,875844E+2	4,052936E+2	7,530458E+2	3,281414E+3	1,604200E-1	4,548548E-4	1,116660E-2	7,942732E+5	4,562853E+2
5,139370E+2	7,518899E+1	5,000000E+0	3,983490E+2	2,500000E-2	8,961629E+3	3,875844E+2	4,052936E+2	7,488631E+2	3,318569E+3	1,595670E-1	4,290784E-4	1,032433E-2	7,761304E+5	4,572756E+2
4,987250E+2	6,765296E+1	4,000000E+0	3,908130E+2	2,500000E-2	8,961629E+3	3,875844E+2	4,052936E+2	7,530458E+2	3,281414E+3	1,604200E-1	4,548548E-4	1,116660E-2	7,942732E+5	4,562853E+2
4,378300E+2	7,707187E+0	1,000000E+0	3,508672E+2	2,500000E-2	8,961629E+3	3,875844E+2	4,052936E+2	7,636886E+2	3,180246E+3	1,625981E-1	5,334450E-4	1,587337E-2	8,791950E+5	4,533142E+2
4,565980E+2	2,636004E+1	2,000000E+0	3,695200E+2	2,500000E-2	8,961629E+3	3,875844E+2	4,052936E+2	7,537550E+2	3,274985E+3	1,605647E-1	4,594770E-4	1,363377E-2	8,422609E+5	4,543045E+2
4,757080E+2	3,845683E+1	3,000000E+0	3,816168E+2	2,500000E-2	8,961629E+3	3,875844E+2	4,052936E+2	7,470245E+2	3,334517E+3	1,591917E-1	4,184909E-4	1,221985E-2	8,156802E+5	4,552949E+2
4,901210E+2	4,765296E+1	4,000000E+0	3,908130E+2	2,500000E-2	8,961629E+3	3,875844E+2	4,052936E+2	7,417754E+2	3,378918E+3	1,581184E-1	3,904674E-4	1,116660E-2	7,942732E+5	4,562853E+2
5,065980E+2	5,518899E+1	5,000000E+0	3,983490E+2	2,500000E-2	8,961629E+3	3,875844E+2	4,052936E+2	7,373977E+2	3,414844E+3	1,572200E-1	3,693075E-4	1,032433E-2	7,761304E+5	4,572756E+2
7,356770E+2	3,942986E+1	1,000000E+0	3,725899E+2	2,500000E-2	8,893891E+3	3,951355E+2	3,952542E+2	9,727268E+2	4,195145E+3	6,683285E-1	3,534823E-4	5,900277E-2	2,262707E+6	5,633670E+2
6,111230E+2	2,942986E+1	1,000000E+0	3,725899E+2	2,500000E-2	8,893891E+3	3,951355E+2	3,952542E+2	9,698032E+2	4,199484E+3	6,715121E-1	3,326337E-4	5,900277E-2	2,262707E+6	5,633670E+2
6,090880E+2	4,988902E+1	2,000000E+0	3,930490E+2	2,500000E-2	8,893891E+3	3,951355E+2	3,952542E+2	9,632996E+2	4,209924E+3	6,769515E-1	2,962971E-4	5,497318E-2	2,207031E+6	5,637482E+2
6,250200E+2	6,319933E+1	3,000000E+0	4,063593E+2	2,500000E-2	8,893891E+3	3,951355E+2	3,952542E+2	9,586928E+2	4,217858E+3	6,797453E-1	2,763579E-4	5,226090E-2	2,167562E+6	5,641295E+2
5,785520E+2	1,942986E+1	1,000000E+0	3,725899E+2	2,500000E-2	8,893891E+3	3,951355E+2	3,952542E+2	9,667122E+2	4,204325E+3	6,743478E-1	3,139132E-4	5,900277E-2	2,262707E+6	5,633670E+2
6,021350E+2	3,988902E+1	2,000000E+0	3,930490E+2	2,500000E-2	8,893891E+3	3,951355E+2	3,952542E+2	9,598659E+2	4,215799E+3	6,791038E-1	2,810810E-4	5,497318E-2	2,207031E+6	5,637482E+2
6,114290E+2	3,988902E+1	2,000000E+0	3,930490E+2	2,500000E-2	8,893891E+3	3,951355E+2	3,952542E+2	9,598659E+2	4,215799E+3	6,791038E-1	2,810810E-4	5,497318E-2	2,207031E+6	5,637482E+2
6,352480E+2	5,319933E+1	3,000000E+0	4,063593E+2	2,500000E-2	8,893891E+3	3,951355E+2	3,952542E+2	9,550400E+2	4,224430E+3	6,814725E-1	2,629440E-4	5,226090E-2	2,167562E+6	5,641295E+2
5,430700E+2	9,429855E+0	1,000000E+0	3,725899E+2	2,500000E-2	8,893891E+3	3,951355E+2	3,952542E+2	9,634532E+2	4,209667E+3	6,768448E-1	2,970322E-4	5,900277E-2	2,262707E+6	5,633670E+2
6,094770E+2	2,988902E+1	2,000000E+0	3,930490E+2	2,500000E-2	8,893891E+3	3,951355E+2	3,952542E+2	9,562672E+2	4,222195E+3	6,809355E-1	2,672485E-4	5,497318E-2	2,207031E+6	5,637482E+2
6,311700E+2	4,319933E+1	3,000000E+0	4,063593E+2	2,500000E-2	8,893891E+3	3,951355E+2	3,952542E+2	9,512262E+2	4,231546E+3	6,828897E-1	2,506903E-4	5,226090E-2	2,167562E+6	5,641295E+2
4,509790E+2	4,770719E+1	1,000000E+0	3,508672E+2	2,500000E-2	8,961629E+3	3,875844E+2	4,052936E+2	7,828507E+2	2,963538E+3	1,666870E-1	7,516054E-4	1,587337E-2	8,791950E+5	4,533142E+2
4,704480E+2	6,636004E+1	2,000000E+0	3,695200E+2	2,500000E-2	8,961629E+3	3,875844E+2	4,052936E+2	7,743003E+2	3,066933E+3	1,648167E-1	6,379688E-4	1,363377E-2	8,422609E+5	4,543045E+2
4,735360E+2	7,845683E+1	3,000000E+0	3,816168E+2	2,500000E-2	8,961629E+3	3,875844E+2	4,052936E+2	7,683917E+2	3,131805E+3	1,635722E-1	5,758231E-4	1,221985E-2	8,156802E+5	4,552949E+2
4,864900E+2	8,765296E+1	4,000000E+0	3,908130E+2	2,500000E-2	8,961629E+3	3,875844E+2	4,052936E+2	7,637166E+2	3,179964E+3	1,626039E-1	5,336815E-4	1,116660E-2	7,942732E+5	4,562853E+2
4,985650E+2	9,518899E+1	5,000000E+0	3,983490E+2	2,500000E-2	8,961629E+3	3,875844E+2	4,052936E+2	7,597735E+2	3,218704E+3	1,617942E-1	5,020563E-4	1,032433E-2	7,761304E+5	4,572756E+2
4,248300E+2	2,770719E+1	1,000000E+0	3,508672E+2	2,500000E-2	8,961629E+3	3,875844E+2	4,052936E+2	7,736562E+2	3,074243E+3	1,646796E-1	6,306375E-4	1,587337E-2	8,791950E+5	4,533142E+2
4,572010E+2	4,636004E+1	2,000000E+0	3,695200E+2	2,500000E-2	8,961629E+3	3,875844E+2	4,052936E+2	7,643832E+2	3,173253E+3	1,627413E-1	5,393620E-4	1,363377E-2	8,422609E+5	4,543045E+2
4,824230E+2	5,845683E+1	3,000000E+0	3,816168E+2	2,500000E-2	8,961629E+3	3,875844E+2	4,052936E+2	7,580337E+2	3,235306E+3	1,614382E-1	4,890923E-4	1,221985E-2	8,156802E+5	4,552949E+2
4,880580E+2	6,765296E+1	4,000000E+0	3,908130E+2	2,500000E-2	8,961629E+3	3,875844E+2	4,052936E+2	7,530458E+2	3,281414E+3	1,604200E-1	4,548548E-4	1,116660E-2	7,942732E+5	4,562853E+2
4,984690E+2	7,518899E+1	5,000000E+0	3,983490E+2	2,500000E-2	8,961629E+3	3,875844E+2	4,052936E+2	7,488631E+2	3,318569E+3	1,595670E-1	4,290784E-4	1,032433E-2	7,761304E+5	4,572756E+2
4,245370E+2	7,707187E+0	1,000000E+0	3,508672E+2	2,500000E-2	8,961629E+3	3,875844E+2	4,052936E+2	7,636886E+2	3,180246E+3	1,625981E-1	5,334450E-4	1,587337E-2	8,791950E+5	4,533142E+2
4,456370E+2	2,636004E+1	2,000000E+0	3,695200E+2	2,500000E-2	8,961629E+3	3,875844E+2	4,052936E+2	7,537550E+2	3,274985E+3	1,605647E-1	4,594770E-4	1,363377E-2	8,422609E+5	4,543045E+2
4,753470E+2	3,845683E+1	3,000000E+0	3,816168E+2	2,500000E-2	8,961629E+3	3,875844E+2	4,052936E+2	7,470245E+2	3,334517E+3	1,591917E-1	4,184909E-4	1,221985E-2	8,156802E+5	4,552949E+2
4,802500E+2	4,765296E+1	4,000000E+0	3,908130E+2	2,500000E-2	8,961629E+3	3,875844E+2	4,052936E+2	7,417754E+2	3,378918E+3	1,581184E-1	3,904674E-4	1,116660E-2	7,942732E+5	4,562853E+2
4,937270E+2	5,518899E+1	5,000000E+0	3,983490E+2	2,500000E-2	8,961629E+3	3,875844E+2	4,052936E+2	7,373977E+2	3,414844E+3	1,572200E-1	3,693075E-4	1,032433E-2	7,761304E+5	4,572756E+2
7,180790E+2	3,942986E+1	1,000000E+0	3,725899E+2	2,500000E-2	8,893891E+3	3,951355E+2	3,952542E+2	9,727268E+2	4,195145E+3	6,683285E-1	3,534823E-4	5,900277E-2	2,262707E+6	5,633670E+2
7,746920E+2	5,988902E+1	2,000000E+0	3,930490E+2	2,500000E-2	8,893891E+3	3,951355E+2	3,952542E+2	9,665662E+2	4,204559E+3	6,744698E-1	3,130998E-4	5,497318E-2	2,207031E+6	5,637482E+2
5,914160E+2	1,942986E+1	1,000000E+0	3,725899E+2	2,500000E-2	8,893891E+3	3,951355E+2	3,952542E+2	9,667122E+2	4,204325E+3	6,743478E-1	3,139132E-4	5,900277E-2	2,262707E+6	5,633670E+2
6,240940E+2	3,988902E+1	2,000000E+0	3,930490E+2	2,500000E-2	8,893891E+3	3,951355E+2	3,952542E+2	9,598659E+2	4,215799E+3	6,791038E-1	2,810810E-4	5,497318E-2	2,207031E+6	5,637482E+2
6,360970E+2	5,319933E+1	3,000000E+0	4,063593E+2	2,500000E-2	8,893891E+3	3,951355E+2	3,952542E+2	9,550400E+2	4,224430E+3	6,814725E-1	2,629440E-4	5,226090E-2	2,167562E+6	5,641295E+2
6,519160E+2	6,331042E+1	4,000000E+0	4,164704E+2	2,500000E-2	8,893891E+3	3,951355E+2	3,952542E+2	9,511829E+2	4,231628E+3	6,829038E-1	2,505601E-4	5,015507E-2	2,135895E+6	5,645108E+2
5,405190E+2	9,429855E+0	1,000000E+0	3,725899E+2	2,500000E-2	8,893891E+3	3,951355E+2	3,952542E+2	9,634532E+2	4,209667E+3	6,768448E-1	2,970322E-4	5,900277E-2	2,262707E+6	5,633670E+2
6,119390E+2	2,988902E+1	2,000000E+0	3,930490E+2	2,500000E-2	8,893891E+3	3,951355E+2	3,952542E+2	9,562672E+2	4,222195E+3	6,809355E-1	2,672485E-4	5,497318E-2	2,207031E+6	5,637482E+2
6,251520E+2	4,319933E+1	3,000000E+0	4,063593E+2	2,500000E-2	8,893891E+3	3,951355E+2	3,952542E+2	9,512262E+2	4,231546E+3	6,828897E-1	2,506903E-4	5,226090E-2	2,167562E+6	5,641295E+2
6,357030E+2	5,331042E+1	4,000000E+0	4,164704E+2	2,500000E-2	8,893891E+3	3,951355E+2	3,952542E+2	9,472103E+2	4,239318E+3	6,840152E-1	2,393382E-4	5,015507E-2	2,135895E+6	5,645108E+2
6,308580E+2	6,160468E+1	5,000000E+0	4,247647E+2	2,500000E-2	8,893891E+3	3,951355E+2	3,952542E+2	9,437995E+2	4,246148E+3	6,847129E-1	2,307187E-4	4,839940E-2	2,108875E+6	5,648921E+2
4,367140E+2	5,770719E+1	1,000000E+0	3,508672E+2	2,500000E-2	8,961629E+3	3,875844E+2	4,052936E+2	7,871529E+2	2,906510E+3	1,676757E-1	8,232133E-4	1,587337E-2	8,791950E+5	4,533142E+2
4,573970E+2	7,636004E+1	2,000000E+0	3,695200E+2	2,500000E-2	8,961629E+3	3,875844E+2	4,052936E+2	7,789698E+2	3,012000E+3	1,658252E-1	6,959336E-4	1,363377E-2	8,422609E+5	4,543045E+2
4,746260E+2	8,845683E+1	3,000000E+0	3,816168E+2	2,500000E-2	8,961629E+3	3,875844E+2	4,052936E+2	7,732963E+2	3,078302E+3	1,646031E-1	6,266043E-4	1,221985E-2	8,156802E+5	4,552949E+2
4,852660E+2	9,765296E+1	4,000000E+0	3,908130E+2	2,500000E-2	8,961629E+3	3,875844E+2	4,052936E+2	7,687930E+2	3,127548E+3	1,636559E-1	5,797063E-4	1,116660E-2	7,942732E+5	4,562853E+2
4,924010E+2	1,051890E+2	5,000000E+0	3,983490E+2	2,500000E-2	8,961629E+3	3,875844E+2	4,052936E+2	7,649843E+2	3,167158E+3	1,628654E-1	5,445741E-4	1,032433E-2	7,761304E+5	4,572756E+2
4,416830E+2	4,770719E+1	1,000000E+0	3,508672E+2	2,500000E-2	8,961629E+3	3,875844E+2	4,052936E+2	7,828507E+2	2,963538E+3	1,666870E-1	7,516054E-4	1,587337E-2	8,791950E+5	4,533142E+2
4,710680E+2	6,636004E+1	2,000000E+0	3,695200E+2	2,500000E-2	8,961629E+3	3,875844E+2	4,052936E+2	7,743003E+2	3,066933E+3	1,648167E-1	6,379688E-4	1,363377E-2	8,422609E+5	4,543045E+2
4,868110E+2	7,845683E+1	3,000000E+0	3,816168E+2	2,500000E-2	8,961629E+3	3,875844E+2	4,052936E+2	7,683917E+2	3,131805E+3	1,635722E-1	5,758231E-4	1,221985E-2	8,156802E+5	4,552949E+2
4,982170E+2	8,765296E+1	4,000000E+0	3,908130E+2	2,500000E-2	8,961629E+3	3,875844E+2	4,052936E+2	7,637166E+2	3,179964E+3	1,626039E-1	5,336815E-4	1,116660E-2	7,942732E+5	4,562853E+2
5,078930E+2	9,518899E+1	5,000000E+0	3,983490E+2	2,500000E-2	8,961629E+3	3,875844E+2	4,052936E+2	7,597735E+2	3,218704E+3	1,617942E-1	5,020563E-4	1,032433E-2	7,761304E+5	4,572756E+2
4,342790E+2	1,770719E+1	1,000000E+0	3,508672E+2	2,500000E-2	8,961629E+3	3,875844E+2	4,052936E+2	7,687660E+2	3,127835E+3	1,636502E-1	5,794433E-4	1,587337E-2	8,791950E+5	4,533142E+2
4,695560E+2	3,636004E+1	2,000000E+0	3,695200E+2	2,500000E-2	8,961629E+3	3,875844E+2	4,052936E+2	7,591521E+2	3,224667E+3	1,616669E-1	4,973603E-4	1,363377E-2	8,422609E+5	4,543045E+2
4,791230E+2	4,845683E+1	3,000000E+0	3,816168E+2	2,500000E-2	8,961629E+3	3,875844E+2	4,052936E+2	7,526036E+2	3,285404E+3	1,603298E-1	4,520112E-4	1,221985E-2	8,156802E+5	4,552949E+2
5,017620E+2	5,765296E+1	4,000000E+0	3,908130E+2	2,500000E-2	8,961629E+3	3,875844E+2	4,052936E+2	7,474781E+2	3,330602E+3	1,592843E-1	4,210635E-4	1,116660E-2	7,942732E+5	4,562853E+2
5,105800E+2	6,518899E+1	5,000000E+0	3,983490E+2	2,500000E-2	8,961629E+3	3,875844E+2	4,052936E+2	7,431923E+2	3,367086E+3	1,584085E-1	3,977293E-4	1,032433E-2	7,761304E+5	4,572756E+2
5,006020E+2	4,765296E+1	4,000000E+0	3,908130E+2	2,500000E-2	8,961629E+3	3,875844E+2	4,052936E+2	7,417754E+2	3,378918E+3	1,581184E-1	3,904674E-4	1,116660E-2	7,942732E+5	4,562853E+2
5,047000E+2	5,518899E+1	5,000000E+0	3,983490E+2	2,500000E-2	8,961629E+3	3,875844E+2	4,052936E+2	7,373977E+2	3,414844E+3	1,572200E-1	3,693075E-4	1,032433E-2	7,761304E+5	4,572756E+2
4,759170E+2	3,845683E+1	3,000000E+0	3,816168E+2	2,500000E-2	8,961629E+3	3,875844E+2	4,052936E+2	7,470245E+2	3,334517E+3	1,591917E-1	4,184909E-4	1,221985E-2	8,156802E+5	4,552949E+2
4,598740E+2	2,636004E+1	2,000000E+0	3,695200E+2	2,500000E-2	8,961629E+3	3,875844E+2	4,052936E+2	7,537550E+2	3,274985E+3	1,605647E-1	4,594770E-4	1,363377E-2	8,422609E+5	4,543045E+2
4,343140E+2	7,707187E+0	1,000000E+0	3,508672E+2	2,500000E-2	8,961629E+3	3,875844E+2	4,052936E+2	7,636886E+2	3,180246E+3	1,625981E-1	5,334450E-4	1,587337E-2	8,791950E+5	4,533142E+2
7,542030E+2	3,942986E+1	1,000000E+0	3,725899E+2	2,500000E-2	8,893891E+3	3,951355E+2	3,952542E+2	9,727268E+2	4,195145E+3	6,683285E-1	3,534823E-4	5,900277E-2	2,262707E+6	5,633670E+2
7,085270E+2	3,942986E+1	1,000000E+0	3,725899E+2	2,500000E-2	8,893891E+3	3,951355E+2	3,952542E+2	9,727268E+2	4,195145E+3	6,683285E-1	3,534823E-4	5,900277E-2	2,262707E+6	5,633670E+2
6,616510E+2	5,988902E+1	2,000000E+0	3,930490E+2	2,500000E-2	8,893891E+3	3,951355E+2	3,952542E+2	9,665662E+2	4,204559E+3	6,744698E-1	3,130998E-4	5,497318E-2	2,207031E+6	5,637482E+2
5,896770E+2	2,942986E+1	1,000000E+0	3,725899E+2	2,500000E-2	8,893891E+3	3,951355E+2	3,952542E+2	9,698032E+2	4,199484E+3	6,715121E-1	3,326337E-4	5,900277E-2	2,262707E+6	5,633670E+2
6,271150E+2	4,988902E+1	2,000000E+0	3,930490E+2	2,500000E-2	8,893891E+3	3,951355E+2	3,952542E+2	9,632996E+2	4,209924E+3	6,769515E-1	2,962971E-4	5,497318E-2	2,207031E+6	5,637482E+2
6,519260E+2	4,988902E+1	2,000000E+0	3,930490E+2	2,500000E-2	8,893891E+3	3,951355E+2	3,952542E+2	9,632996E+2	4,209924E+3	6,769515E-1	2,962971E-4	5,497318E-2	2,207031E+6	5,637482E+2
6,074100E+2	1,942986E+1	1,000000E+0	3,725899E+2	2,500000E-2	8,893891E+3	3,951355E+2	3,952542E+2	9,667122E+2	4,204325E+3	6,743478E-1	3,139132E-4	5,900277E-2	2,262707E+6	5,633670E+2
6,511270E+2	5,319933E+1	3,000000E+0	4,063593E+2	2,500000E-2	8,893891E+3	3,951355E+2	3,952542E+2	9,550400E+2	4,224430E+3	6,814725E-1	2,629440E-4	5,226090E-2	2,167562E+6	5,641295E+2
6,323030E+2	6,331042E+1	4,000000E+0	4,164704E+2	2,500000E-2	8,893891E+3	3,951355E+2	3,952542E+2	9,511829E+2	4,231628E+3	6,829038E-1	2,505601E-4	5,015507E-2	2,135895E+6	5,645108E+2
5,734860E+2	1,942986E+1	1,000000E+0	3,725899E+2	2,500000E-2	8,893891E+3	3,951355E+2	3,952542E+2	9,667122E+2	4,204325E+3	6,743478E-1	3,139132E-4	5,900277E-2	2,262707E+6	5,633670E+2
6,144590E+2	3,988902E+1	2,000000E+0	3,930490E+2	2,500000E-2	8,893891E+3	3,951355E+2	3,952542E+2	9,598659E+2	4,215799E+3	6,791038E-1	2,810810E-4	5,497318E-2	2,207031E+6	5,637482E+2
5,389940E+2	9,429855E+0	1,000000E+0	3,725899E+2	2,500000E-2	8,893891E+3	3,951355E+2	3,952542E+2	9,634532E+2	4,209667E+3	6,768448E-1	2,970322E-4	5,900277E-2	2,262707E+6	5,633670E+2
5,421520E+2	9,429855E+0	1,000000E+0	3,725899E+2	2,500000E-2	8,893891E+3	3,951355E+2	3,952542E+2	9,634532E+2	4,209667E+3	6,768448E-1	2,970322E-4	5,900277E-2	2,262707E+6	5,633670E+2
6,007590E+2	2,988902E+1	2,000000E+0	3,930490E+2	2,500000E-2	8,893891E+3	3,951355E+2	3,952542E+2	9,562672E+2	4,222195E+3	6,809355E-1	2,672485E-4	5,497318E-2	2,207031E+6	5,637482E+2
6,099980E+2	4,319933E+1	3,000000E+0	4,063593E+2	2,500000E-2	8,893891E+3	3,951355E+2	3,952542E+2	9,512262E+2	4,231546E+3	6,828897E-1	2,506903E-4	5,226090E-2	2,167562E+6	5,641295E+2
6,233540E+2	5,331042E+1	4,000000E+0	4,164704E+2	2,500000E-2	8,893891E+3	3,951355E+2	3,952542E+2	9,472103E+2	4,239318E+3	6,840152E-1	2,393382E-4	5,015507E-2	2,135895E+6	5,645108E+2
6,346890E+2	6,160468E+1	5,000000E+0	4,247647E+2	2,500000E-2	8,893891E+3	3,951355E+2	3,952542E+2	9,437995E+2	4,246148E+3	6,847129E-1	2,307187E-4	4,839940E-2	2,108875E+6	5,648921E+2
8,268730E+2	3,942986E+1	1,000000E+0	3,725899E+2	2,500000E-2	7,149860E+3	6,345912E+2	1,608807E+1	9,727268E+2	4,195145E+3	6,683285E-1	3,534823E-4	5,900277E-2	2,262707E+6	5,633670E+2
8,396510E+2	3,942986E+1	1,000000E+0	3,725899E+2	2,500000E-2	7,149860E+3	6,345912E+2	1,608807E+1	9,727268E+2	4,195145E+3	6,683285E-1	3,534823E-4	5,900277E-2	2,262707E+6	5,633670E+2
7,587810E+2	2,942986E+1	1,000000E+0	3,725899E+2	2,500000E-2	7,149860E+3	6,345912E+2	1,608807E+1	9,698032E+2	4,199484E+3	6,715121E-1	3,326337E-4	5,900277E-2	2,262707E+6	5,633670E+2
6,572720E+2	2,942986E+1	1,000000E+0	3,725899E+2	2,500000E-2	7,149860E+3	6,345912E+2	1,608807E+1	9,698032E+2	4,199484E+3	6,715121E-1	3,326337E-4	5,900277E-2	2,262707E+6	5,633670E+2
7,041960E+2	2,942986E+1	1,000000E+0	3,725899E+2	2,500000E-2	7,149860E+3	6,345912E+2	1,608807E+1	9,698032E+2	4,199484E+3	6,715121E-1	3,326337E-4	5,900277E-2	2,262707E+6	5,633670E+2
6,409860E+2	1,942986E+1	1,000000E+0	3,725899E+2	2,500000E-2	7,149860E+3	6,345912E+2	1,608807E+1	9,667122E+2	4,204325E+3	6,743478E-1	3,139132E-4	5,900277E-2	2,262707E+6	5,633670E+2
6,357300E+2	1,942986E+1	1,000000E+0	3,725899E+2	2,500000E-2	7,149860E+3	6,345912E+2	1,608807E+1	9,667122E+2	4,204325E+3	6,743478E-1	3,139132E-4	5,900277E-2	2,262707E+6	5,633670E+2
6,362000E+2	1,942986E+1	1,000000E+0	3,725899E+2	2,500000E-2	7,149860E+3	6,345912E+2	1,608807E+1	9,667122E+2	4,204325E+3	6,743478E-1	3,139132E-4	5,900277E-2	2,262707E+6	5,633670E+2
6,526790E+2	1,942986E+1	1,000000E+0	3,725899E+2	2,500000E-2	7,149860E+3	6,345912E+2	1,608807E+1	9,667122E+2	4,204325E+3	6,743478E-1	3,139132E-4	5,900277E-2	2,262707E+6	5,633670E+2
5,594910E+2	9,429855E+0	1,000000E+0	3,725899E+2	2,500000E-2	7,149860E+3	6,345912E+2	1,608807E+1	9,634532E+2	4,209667E+3	6,768448E-1	2,970322E-4	5,900277E-2	2,262707E+6	5,633670E+2
5,521830E+2	9,429855E+0	1,000000E+0	3,725899E+2	2,500000E-2	7,149860E+3	6,345912E+2	1,608807E+1	9,634532E+2	4,209667E+3	6,768448E-1	2,970322E-4	5,900277E-2	2,262707E+6	5,633670E+2
5,701160E+2	9,429855E+0	1,000000E+0	3,725899E+2	2,500000E-2	7,149860E+3	6,345912E+2	1,608807E+1	9,634532E+2	4,209667E+3	6,768448E-1	2,970322E-4	5,900277E-2	2,262707E+6	5,633670E+2
6,005710E+2	9,429855E+0	1,000000E+0	3,725899E+2	2,500000E-2	7,149860E+3	6,345912E+2	1,608807E+1	9,634532E+2	4,209667E+3	6,768448E-1	2,970322E-4	5,900277E-2	2,262707E+6	5,633670E+2
5,726260E+2	9,429855E+0	1,000000E+0	3,725899E+2	2,500000E-2	7,149860E+3	6,345912E+2	1,608807E+1	9,634532E+2	4,209667E+3	6,768448E-1	2,970322E-4	5,900277E-2	2,262707E+6	5,633670E+2
5,459520E+2	4,429855E+0	1,000000E+0	3,725899E+2	2,500000E-2	7,149860E+3	6,345912E+2	1,608807E+1	9,617610E+2	4,212528E+3	6,779691E-1	2,892041E-4	5,900277E-2	2,262707E+6	5,633670E+2
5,649380E+2	4,429855E+0	1,000000E+0	3,725899E+2	2,500000E-2	7,149860E+3	6,345912E+2	1,608807E+1	9,617610E+2	4,212528E+3	6,779691E-1	2,892041E-4	5,900277E-2	2,262707E+6	5,633670E+2
5,474090E+2	4,429855E+0	1,000000E+0	3,725899E+2	2,500000E-2	7,149860E+3	6,345912E+2	1,608807E+1	9,617610E+2	4,212528E+3	6,779691E-1	2,892041E-4	5,900277E-2	2,262707E+6	5,633670E+2
4,743400E+2	7,770719E+1	1,000000E+0	3,508672E+2	2,500000E-2	8,961629E+3	3,875844E+2	4,052936E+2	7,952018E+2	2,789551E+3	1,696562E-1	9,946132E-4	1,587337E-2	8,791950E+5	4,533142E+2
4,772690E+2	7,770719E+1	1,000000E+0	3,508672E+2	2,500000E-2	8,961629E+3	3,875844E+2	4,052936E+2	7,952018E+2	2,789551E+3	1,696562E-1	9,946132E-4	1,587337E-2	8,791950E+5	4,533142E+2
4,659970E+2	7,770719E+1	1,000000E+0	3,508672E+2	2,500000E-2	8,961629E+3	3,875844E+2	4,052936E+2	7,952018E+2	2,789551E+3	1,696562E-1	9,946132E-4	1,587337E-2	8,791950E+5	4,533142E+2
4,680470E+2	7,770719E+1	1,000000E+0	3,508672E+2	2,500000E-2	8,961629E+3	3,875844E+2	4,052936E+2	7,952018E+2	2,789551E+3	1,696562E-1	9,946132E-4	1,587337E-2	8,791950E+5	4,533142E+2
4,708530E+2	7,770719E+1	1,000000E+0	3,508672E+2	2,500000E-2	8,961629E+3	3,875844E+2	4,052936E+2	7,952018E+2	2,789551E+3	1,696562E-1	9,946132E-4	1,587337E-2	8,791950E+5	4,533142E+2
4,672490E+2	6,770719E+1	1,000000E+0	3,508672E+2	2,500000E-2	8,961629E+3	3,875844E+2	4,052936E+2	7,912657E+2	2,848474E+3	1,686630E-1	9,037466E-4	1,587337E-2	8,791950E+5	4,533142E+2
4,593710E+2	6,770719E+1	1,000000E+0	3,508672E+2	2,500000E-2	8,961629E+3	3,875844E+2	4,052936E+2	7,912657E+2	2,848474E+3	1,686630E-1	9,037466E-4	1,587337E-2	8,791950E+5	4,533142E+2
4,619500E+2	6,770719E+1	1,000000E+0	3,508672E+2	2,500000E-2	8,961629E+3	3,875844E+2	4,052936E+2	7,912657E+2	2,848474E+3	1,686630E-1	9,037466E-4	1,587337E-2	8,791950E+5	4,533142E+2
4,667160E+2	6,770719E+1	1,000000E+0	3,508672E+2	2,500000E-2	8,961629E+3	3,875844E+2	4,052936E+2	7,912657E+2	2,848474E+3	1,686630E-1	9,037466E-4	1,587337E-2	8,791950E+5	4,533142E+2
4,684170E+2	6,770719E+1	1,000000E+0	3,508672E+2	2,500000E-2	8,961629E+3	3,875844E+2	4,052936E+2	7,912657E+2	2,848474E+3	1,686630E-1	9,037466E-4	1,587337E-2	8,791950E+5	4,533142E+2
4,596640E+2	5,770719E+1	1,000000E+0	3,508672E+2	2,500000E-2	8,961629E+3	3,875844E+2	4,052936E+2	7,871529E+2	2,906510E+3	1,676757E-1	8,232133E-4	1,587337E-2	8,791950E+5	4,533142E+2
4,671070E+2	5,770719E+1	1,000000E+0	3,508672E+2	2,500000E-2	8,961629E+3	3,875844E+2	4,052936E+2	7,871529E+2	2,906510E+3	1,676757E-1	8,232133E-4	1,587337E-2	8,791950E+5	4,533142E+2
4,648700E+2	5,770719E+1	1,000000E+0	3,508672E+2	2,500000E-2	8,961629E+3	3,875844E+2	4,052936E+2	7,871529E+2	2,906510E+3	1,676757E-1	8,232133E-4	1,587337E-2	8,791950E+5	4,533142E+2
4,646990E+2	5,770719E+1	1,000000E+0	3,508672E+2	2,500000E-2	8,961629E+3	3,875844E+2	4,052936E+2	7,871529E+2	2,906510E+3	1,676757E-1	8,232133E-4	1,587337E-2	8,791950E+5	4,533142E+2
4,580360E+2	5,770719E+1	1,000000E+0	3,508672E+2	2,500000E-2	8,961629E+3	3,875844E+2	4,052936E+2	7,871529E+2	2,906510E+3	1,676757E-1	8,232133E-4	1,587337E-2	8,791950E+5	4,533142E+2
4,583960E+2	4,770719E+1	1,000000E+0	3,508672E+2	2,500000E-2	8,961629E+3	3,875844E+2	4,052936E+2	7,828507E+2	2,963538E+3	1,666870E-1	7,516054E-4	1,587337E-2	8,791950E+5	4,533142E+2
4,587850E+2	4,770719E+1	1,000000E+0	3,508672E+2	2,500000E-2	8,961629E+3	3,875844E+2	4,052936E+2	7,828507E+2	2,963538E+3	1,666870E-1	7,516054E-4	1,587337E-2	8,791950E+5	4,533142E+2
4,573800E+2	4,770719E+1	1,000000E+0	3,508672E+2	2,500000E-2	8,961629E+3	3,875844E+2	4,052936E+2	7,828507E+2	2,963538E+3	1,666870E-1	7,516054E-4	1,587337E-2	8,791950E+5	4,533142E+2
4,598010E+2	4,770719E+1	1,000000E+0	3,508672E+2	2,500000E-2	8,961629E+3	3,875844E+2	4,052936E+2	7,828507E+2	2,963538E+3	1,666870E-1	7,516054E-4	1,587337E-2	8,791950E+5	4,533142E+2
4,553060E+2	4,770719E+1	1,000000E+0	3,508672E+2	2,500000E-2	8,961629E+3	3,875844E+2	4,052936E+2	7,828507E+2	2,963538E+3	1,666870E-1	7,516054E-4	1,587337E-2	8,791950E+5	4,533142E+2
4,519700E+2	3,770719E+1	1,000000E+0	3,508672E+2	2,500000E-2	8,961629E+3	3,875844E+2	4,052936E+2	7,783523E+2	3,019468E+3	1,656902E-1	6,877444E-4	1,587337E-2	8,791950E+5	4,533142E+2
4,537580E+2	3,770719E+1	1,000000E+0	3,508672E+2	2,500000E-2	8,961629E+3	3,875844E+2	4,052936E+2	7,783523E+2	3,019468E+3	1,656902E-1	6,877444E-4	1,587337E-2	8,791950E+5	4,533142E+2
4,563760E+2	3,770719E+1	1,000000E+0	3,508672E+2	2,500000E-2	8,961629E+3	3,875844E+2	4,052936E+2	7,783523E+2	3,019468E+3	1,656902E-1	6,877444E-4	1,587337E-2	8,791950E+5	4,533142E+2
4,526520E+2	3,770719E+1	1,000000E+0	3,508672E+2	2,500000E-2	8,961629E+3	3,875844E+2	4,052936E+2	7,783523E+2	3,019468E+3	1,656902E-1	6,877444E-4	1,587337E-2	8,791950E+5	4,533142E+2
4,531610E+2	3,770719E+1	1,000000E+0	3,508672E+2	2,500000E-2	8,961629E+3	3,875844E+2	4,052936E+2	7,783523E+2	3,019468E+3	1,656902E-1	6,877444E-4	1,587337E-2	8,791950E+5	4,533142E+2
4,445480E+2	2,770719E+1	1,000000E+0	3,508672E+2	2,500000E-2	8,961629E+3	3,875844E+2	4,052936E+2	7,736562E+2	3,074243E+3	1,646796E-1	6,306375E-4	1,587337E-2	8,791950E+5	4,533142E+2
4,447620E+2	2,770719E+1	1,000000E+0	3,508672E+2	2,500000E-2	8,961629E+3	3,875844E+2	4,052936E+2	7,736562E+2	3,074243E+3	1,646796E-1	6,306375E-4	1,587337E-2	8,791950E+5	4,533142E+2
4,445900E+2	2,770719E+1	1,000000E+0	3,508672E+2	2,500000E-2	8,961629E+3	3,875844E+2	4,052936E+2	7,736562E+2	3,074243E+3	1,646796E-1	6,306375E-4	1,587337E-2	8,791950E+5	4,533142E+2
4,450040E+2	2,770719E+1	1,000000E+0	3,508672E+2	2,500000E-2	8,961629E+3	3,875844E+2	4,052936E+2	7,736562E+2	3,074243E+3	1,646796E-1	6,306375E-4	1,587337E-2	8,791950E+5	4,533142E+2
4,449700E+2	2,770719E+1	1,000000E+0	3,508672E+2	2,500000E-2	8,961629E+3	3,875844E+2	4,052936E+2	7,736562E+2	3,074243E+3	1,646796E-1	6,306375E-4	1,587337E-2	8,791950E+5	4,533142E+2
4,327810E+2	1,770719E+1	1,000000E+0	3,508672E+2	2,500000E-2	8,961629E+3	3,875844E+2	4,052936E+2	7,687660E+2	3,127835E+3	1,636502E-1	5,794433E-4	1,587337E-2	8,791950E+5	4,533142E+2
4,307620E+2	1,770719E+1	1,000000E+0	3,508672E+2	2,500000E-2	8,961629E+3	3,875844E+2	4,052936E+2	7,687660E+2	3,127835E+3	1,636502E-1	5,794433E-4	1,587337E-2	8,791950E+5	4,533142E+2
4,332010E+2	1,770719E+1	1,000000E+0	3,508672E+2	2,500000E-2	8,961629E+3	3,875844E+2	4,052936E+2	7,687660E+2	3,127835E+3	1,636502E-1	5,794433E-4	1,587337E-2	8,791950E+5	4,533142E+2
4,419960E+2	1,770719E+1	1,000000E+0	3,508672E+2	2,500000E-2	8,961629E+3	3,875844E+2	4,052936E+2	7,687660E+2	3,127835E+3	1,636502E-1	5,794433E-4	1,587337E-2	8,791950E+5	4,533142E+2
4,315810E+2	1,770719E+1	1,000000E+0	3,508672E+2	2,500000E-2	8,961629E+3	3,875844E+2	4,052936E+2	7,687660E+2	3,127835E+3	1,636502E-1	5,794433E-4	1,587337E-2	8,791950E+5	4,533142E+2
4,333820E+2	1,770719E+1	1,000000E+0	3,508672E+2	2,500000E-2	8,961629E+3	3,875844E+2	4,052936E+2	7,687660E+2	3,127835E+3	1,636502E-1	5,794433E-4	1,587337E-2	8,791950E+5	4,533142E+2
5,382680E+2	5,788023E+1	1,000000E+0	3,510402E+2	2,500000E-2	7,138456E+3	4,991022E+2	8,308819E+1	8,061146E+2	2,954850E+3	1,767372E-1	9,124001E-4	1,650849E-2	9,084293E+5	4,586313E+2
5,391190E+2	4,788023E+1	1,000000E+0	3,510402E+2	2,500000E-2	7,138456E+3	4,991022E+2	8,308819E+1	8,019688E+2	3,010619E+3	1,757550E-1	8,285634E-4	1,650849E-2	9,084293E+5	4,586313E+2
5,530840E+2	4,788023E+1	1,000000E+0	3,510402E+2	2,500000E-2	7,138456E+3	4,991022E+2	8,308819E+1	8,019688E+2	3,010619E+3	1,757550E-1	8,285634E-4	1,650849E-2	9,084293E+5	4,586313E+2
5,973840E+2	6,655307E+1	2,000000E+0	3,697131E+2	2,500000E-2	7,138456E+3	4,991022E+2	8,308819E+1	7,937066E+2	3,111680E+3	1,738752E-1	6,971181E-4	1,419561E-2	8,705953E+5	4,595411E+2
6,109250E+2	7,864930E+1	3,000000E+0	3,818093E+2	2,500000E-2	7,138456E+3	4,991022E+2	8,308819E+1	7,879924E+2	3,174917E+3	1,726131E-1	6,262816E-4	1,273332E-2	8,433642E+5	4,604509E+2
6,269570E+2	8,788176E+1	4,000000E+0	3,910418E+2	2,500000E-2	7,138456E+3	4,991022E+2	8,308819E+1	7,834461E+2	3,222004E+3	1,716213E-1	5,784760E-4	1,164295E-2	8,214293E+5	4,613607E+2
6,541720E+2	9,541712E+1	5,000000E+0	3,985771E+2	2,500000E-2	7,138456E+3	4,991022E+2	8,308819E+1	7,796223E+2	3,259701E+3	1,707917E-1	5,429772E-4	1,077027E-2	8,028340E+5	4,622705E+2
5,548280E+2	3,770719E+1	1,000000E+0	3,508672E+2	2,500000E-2	7,140033E+3	4,979013E+2	8,335342E+1	7,783523E+2	3,019468E+3	1,656902E-1	6,877444E-4	1,587337E-2	8,791950E+5	4,533142E+2
5,545100E+2	5,636004E+1	2,000000E+0	3,695200E+2	2,500000E-2	7,140033E+3	4,979013E+2	8,335342E+1	7,694359E+2	3,120685E+3	1,637901E-1	5,860224E-4	1,363377E-2	8,422609E+5	4,543045E+2
5,974240E+2	6,845683E+1	3,000000E+0	3,816168E+2	2,500000E-2	7,140033E+3	4,979013E+2	8,335342E+1	7,633007E+2	3,184128E+3	1,625182E-1	5,301884E-4	1,221985E-2	8,156802E+5	4,552949E+2
6,182540E+2	7,765296E+1	4,000000E+0	3,908130E+2	2,500000E-2	7,140033E+3	4,979013E+2	8,335342E+1	7,584633E+2	3,231233E+3	1,615260E-1	4,922410E-4	1,116660E-2	7,942732E+5	4,562853E+2
6,282650E+2	8,518899E+1	5,000000E+0	3,983490E+2	2,500000E-2	7,140033E+3	4,979013E+2	8,335342E+1	7,543952E+2	3,269146E+3	1,606952E-1	4,637162E-4	1,032433E-2	7,761304E+5	4,572756E+2
6,263500E+2	7,518899E+1	5,000000E+0	3,983490E+2	2,500000E-2	7,140033E+3	4,979013E+2	8,335342E+1	7,488631E+2	3,318569E+3	1,595670E-1	4,290784E-4	1,032433E-2	7,761304E+5	4,572756E+2
6,037880E+2	6,765296E+1	4,000000E+0	3,908130E+2	2,500000E-2	7,140033E+3	4,979013E+2	8,335342E+1	7,530458E+2	3,281414E+3	1,604200E-1	4,548548E-4	1,116660E-2	7,942732E+5	4,562853E+2
5,695980E+2	5,845683E+1	3,000000E+0	3,816168E+2	2,500000E-2	7,140033E+3	4,979013E+2	8,335342E+1	7,580337E+2	3,235306E+3	1,614382E-1	4,890923E-4	1,221985E-2	8,156802E+5	4,552949E+2
5,632260E+2	4,636004E+1	2,000000E+0	3,695200E+2	2,500000E-2	7,140033E+3	4,979013E+2	8,335342E+1	7,643832E+2	3,173253E+3	1,627413E-1	5,393620E-4	1,363377E-2	8,422609E+5	4,543045E+2
5,263800E+2	2,770719E+1	1,000000E+0	3,508672E+2	2,500000E-2	7,140033E+3	4,979013E+2	8,335342E+1	7,736562E+2	3,074243E+3	1,646796E-1	6,306375E-4	1,587337E-2	8,791950E+5	4,533142E+2
5,252580E+2	1,770719E+1	1,000000E+0	3,508672E+2	2,500000E-2	7,140033E+3	4,979013E+2	8,335342E+1	7,687660E+2	3,127835E+3	1,636502E-1	5,794433E-4	1,587337E-2	8,791950E+5	4,533142E+2
5,510180E+2	3,636004E+1	2,000000E+0	3,695200E+2	2,500000E-2	7,140033E+3	4,979013E+2	8,335342E+1	7,591521E+2	3,224667E+3	1,616669E-1	4,973603E-4	1,363377E-2	8,422609E+5	4,543045E+2
5,460930E+2	4,845683E+1	3,000000E+0	3,816168E+2	2,500000E-2	7,140033E+3	4,979013E+2	8,335342E+1	7,526036E+2	3,285404E+3	1,603298E-1	4,520112E-4	1,221985E-2	8,156802E+5	4,552949E+2
5,823990E+2	5,765296E+1	4,000000E+0	3,908130E+2	2,500000E-2	7,140033E+3	4,979013E+2	8,335342E+1	7,474781E+2	3,330602E+3	1,592843E-1	4,210635E-4	1,116660E-2	7,942732E+5	4,562853E+2
5,894180E+2	6,518899E+1	5,000000E+0	3,983490E+2	2,500000E-2	7,140033E+3	4,979013E+2	8,335342E+1	7,431923E+2	3,367086E+3	1,584085E-1	3,977293E-4	1,032433E-2	7,761304E+5	4,572756E+2
5,744880E+2	5,518899E+1	5,000000E+0	3,983490E+2	2,500000E-2	7,140033E+3	4,979013E+2	8,335342E+1	7,373977E+2	3,414844E+3	1,572200E-1	3,693075E-4	1,032433E-2	7,761304E+5	4,572756E+2
5,654210E+2	4,765296E+1	4,000000E+0	3,908130E+2	2,500000E-2	7,140033E+3	4,979013E+2	8,335342E+1	7,417754E+2	3,378918E+3	1,581184E-1	3,904674E-4	1,116660E-2	7,942732E+5	4,562853E+2
5,396780E+2	3,845683E+1	3,000000E+0	3,816168E+2	2,500000E-2	7,140033E+3	4,979013E+2	8,335342E+1	7,470245E+2	3,334517E+3	1,591917E-1	4,184909E-4	1,221985E-2	8,156802E+5	4,552949E+2
5,094540E+2	2,636004E+1	2,000000E+0	3,695200E+2	2,500000E-2	7,140033E+3	4,979013E+2	8,335342E+1	7,537550E+2	3,274985E+3	1,605647E-1	4,594770E-4	1,363377E-2	8,422609E+5	4,543045E+2
4,758080E+2	7,707187E+0	1,000000E+0	3,508672E+2	2,500000E-2	7,140033E+3	4,979013E+2	8,335342E+1	7,636886E+2	3,180246E+3	1,625981E-1	5,334450E-4	1,587337E-2	8,791950E+5	4,533142E+2
8,871490E+2	3,942986E+1	1,000000E+0	3,725899E+2	2,500000E-2	7,107717E+3	5,243506E+2	7,816598E+1	9,727268E+2	4,195145E+3	6,683285E-1	3,534823E-4	5,900277E-2	2,262707E+6	5,633670E+2
8,781390E+2	2,942986E+1	1,000000E+0	3,725899E+2	2,500000E-2	7,107717E+3	5,243506E+2	7,816598E+1	9,698032E+2	4,199484E+3	6,715121E-1	3,326337E-4	5,900277E-2	2,262707E+6	5,633670E+2
7,406670E+2	1,942986E+1	1,000000E+0	3,725899E+2	2,500000E-2	7,107717E+3	5,243506E+2	7,816598E+1	9,667122E+2	4,204325E+3	6,743478E-1	3,139132E-4	5,900277E-2	2,262707E+6	5,633670E+2
8,795690E+2	3,988902E+1	2,000000E+0	3,930490E+2	2,500000E-2	7,107717E+3	5,243506E+2	7,816598E+1	9,598659E+2	4,215799E+3	6,791038E-1	2,810810E-4	5,497318E-2	2,207031E+6	5,637482E+2
6,774580E+2	9,429855E+0	1,000000E+0	3,725899E+2	2,500000E-2	7,107717E+3	5,243506E+2	7,816598E+1	9,634532E+2	4,209667E+3	6,768448E-1	2,970322E-4	5,900277E-2	2,262707E+6	5,633670E+2
7,785880E+2	2,988902E+1	2,000000E+0	3,930490E+2	2,500000E-2	7,107717E+3	5,243506E+2	7,816598E+1	9,562672E+2	4,222195E+3	6,809355E-1	2,672485E-4	5,497318E-2	2,207031E+6	5,637482E+2
8,929910E+2	4,319933E+1	3,000000E+0	4,063593E+2	2,500000E-2	7,107717E+3	5,243506E+2	7,816598E+1	9,512262E+2	4,231546E+3	6,828897E-1	2,506903E-4	5,226090E-2	2,167562E+6	5,641295E+2
8,107400E+2	2,988902E+1	2,000000E+0	3,930490E+2	2,500000E-2	7,107717E+3	5,243506E+2	7,816598E+1	9,562672E+2	4,222195E+3	6,809355E-1	2,672485E-4	5,497318E-2	2,207031E+6	5,637482E+2
6,131580E+2	9,429855E+0	1,000000E+0	3,725899E+2	2,500000E-2	7,107717E+3	5,243506E+2	7,816598E+1	9,634532E+2	4,209667E+3	6,768448E-1	2,970322E-4	5,900277E-2	2,262707E+6	5,633670E+2
